2.021830476191426307e-01
1.183656577169972524e-01
7.945034147304350092e-02
1.014508985266201480e-01
7.443286253602651725e-02
4.967693757392277476e-02
6.223939229281955088e-02
9.500788155241596256e-02
7.293776964343207103e-02
4.440831767981107125e-02
3.238118076775856058e-02
4.432016808654465345e-02
5.594304236528342689e-02
4.050945329478794488e-02
5.688687434196847831e-02
9.239363363295370613e-02
7.243815779354371986e-02
4.308579252044620472e-02
2.955863737612842920e-02
3.879045396468571577e-02
2.986742342892347024e-02
2.066314195457399916e-02
2.697925129354435472e-02
4.251160526290309605e-02
5.397535763321165136e-02
3.399496801762801057e-02
2.600844446104495430e-02
3.727561160262003043e-02
5.027290149493660043e-02
3.789196435138064006e-02
5.507836232377662927e-02
9.187250453322583221e-02
7.243815779354374762e-02
4.273581003629382813e-02
2.892277971681991508e-02
3.741010944476389627e-02
2.761551354244184964e-02
1.872314509044660513e-02
2.382893558954464128e-02
3.691320026001403132e-02
2.916918405387391999e-02
1.805475130807993739e-02
1.343788943529568465e-02
1.882044437212912133e-02
2.414500379518874640e-02
1.787756139058057844e-02
2.553573216872355098e-02
4.213314613721692165e-02
5.347953271303823586e-02
3.232534949102074812e-02
2.258102426538883406e-02
3.037812836868636346e-02
2.383502592248489330e-02
1.695377835328988267e-02
2.272283794749096683e-02
3.660389171081581544e-02
4.832999326681527985e-02
3.106043732390537451e-02
2.430623949087556968e-02
3.567446070724866053e-02
4.857060206845027761e-02
3.736704294536858512e-02
5.505849524842879039e-02
9.304853124596501601e-02
7.293776964343201552e-02
4.288227378384256577e-02
2.889543334535660257e-02
3.715385223060406472e-02
2.725868610034462222e-02
1.834044598520239225e-02
2.314698227816902945e-02
3.560709877106779664e-02
2.722506960353157646e-02
1.670784122364727189e-02
1.229158297592911411e-02
1.701151945543013383e-02
2.154954112417722945e-02
1.577861701388685520e-02
2.233072005494329826e-02
3.656515207925033206e-02
2.916918405387392346e-02
1.749788535052924227e-02
1.210888246289581159e-02
1.610071699046193225e-02
1.246247617347426284e-02
8.749847996791574462e-03
1.157407310786575348e-02
1.845994300704761892e-02
2.345361786660666095e-02
1.495001180116623668e-02
1.158151690835480113e-02
1.683817209402198312e-02
2.274918404696952764e-02
1.736998919529228469e-02
2.544891860571076372e-02
4.281275182693140835e-02
5.397535763321165830e-02
3.211822394691993959e-02
2.191445023710443876e-02
2.873241149383466003e-02
2.125000150500300569e-02
1.463247617690653472e-02
1.888350582251674750e-02
2.965645932079699620e-02
2.345361786660666095e-02
1.472253336856053224e-02
1.112909453790277350e-02
1.587144414450647120e-02
2.049628661124076184e-02
1.543342977425880662e-02
2.229708149945899484e-02
3.721155472361725725e-02
4.832999326681529373e-02
2.952752899685309393e-02
2.084355125716768481e-02
2.847244952723750749e-02
2.245211952102128469e-02
1.622593264818356432e-02
2.203263262311255105e-02
3.591663686587514420e-02
4.713248465548186550e-02
3.064362404976630691e-02
2.425045138541464043e-02
3.604708330299180585e-02
4.907515425212728016e-02
3.817771666989731860e-02
5.660813110758059624e-02
9.633961493523113262e-02
7.443286253602671154e-02
4.368853999393887411e-02
2.938717706427119297e-02
3.768117122384168072e-02
2.761944512300405080e-02
1.852044888962387989e-02
2.329638891283034724e-02
3.572304907750220582e-02
2.725868610034462222e-02
1.667010773441430366e-02
1.221139206294075130e-02
1.681752420848393187e-02
2.124199951907936035e-02
1.547793139726333714e-02
2.182492222316816458e-02
3.561251360998650417e-02
2.761551354244184617e-02
1.649873335907739783e-02
1.136628873861323698e-02
1.501841711101270342e-02
1.157719401668457458e-02
8.070587638038325892e-03
1.060482592052306057e-02
1.681716315973639381e-02
2.125000150500299875e-02
1.346975205895472975e-02
1.037044581592029210e-02
1.497790728023382957e-02
2.019334075965481534e-02
1.532910653728704851e-02
2.237355509765584158e-02
3.749898119773498878e-02
2.986742342892344942e-02
1.770697939093781453e-02
1.203557355007110231e-02
1.568750148692744234e-02
1.157719401668457632e-02
7.917768806085277028e-03
1.015237595061935921e-02
1.585033517186127186e-02
1.246247617347425417e-02
7.775335246066629284e-03
5.835514365654757320e-03
8.257517826678056547e-03
1.061550657229669119e-02
7.937212495573173557e-03
1.140903695844837189e-02
1.895241929793613223e-02
2.383502592248487942e-02
1.450481868236951077e-02
1.019611279996810588e-02
1.384994269854814518e-02
1.088445342512616744e-02
7.820630598972595771e-03
1.056532937572277411e-02
1.715085920258642080e-02
2.245211952102128122e-02
1.454151170576847146e-02
1.146109184709980834e-02
1.696567716338415188e-02
2.307048968573402817e-02
1.788556034344004203e-02
2.646180862346960219e-02
4.494033590301246134e-02
5.594304236528341995e-02
3.305547476174343358e-02
2.236784918239507342e-02
2.898921616243768998e-02
2.124199951907936729e-02
1.442029565022265661e-02
1.833741976470322499e-02
2.844224765576794725e-02
2.154954112417722251e-02
1.333405590178681627e-02
9.894170063696585207e-03
1.384566409501650740e-02
1.757053007643935919e-02
1.300471685312695400e-02
1.853544254280395376e-02
3.058557612258244393e-02
2.414500379518873252e-02
1.459558322163394956e-02
1.017371649598743620e-02
1.368143260942511485e-02
1.061550657229669466e-02
7.544308513071224832e-03
1.007942150708379149e-02
1.623134027166633561e-02
2.049628661124075490e-02
1.319034264572081262e-02
1.031298064790570242e-02
1.515764445076987418e-02
2.047145975635065659e-02
1.578413262473852066e-02
2.325335870706918273e-02
3.936633438773830262e-02
5.027290149493657267e-02
3.009721804470629966e-02
2.064364462690309113e-02
2.731564438310543630e-02
2.019334075965481881e-02
1.404541058383536670e-02
1.827735892391641609e-02
2.895075178388422515e-02
2.274918404696952418e-02
1.440342511180388654e-02
1.098249549703370770e-02
1.582686818870864681e-02
2.047145975635065659e-02
1.556260811832334799e-02
2.261662961077113426e-02
3.798397303058939634e-02
4.857060206845024292e-02
2.986909070026709523e-02
2.120770803136198465e-02
2.922866694683885075e-02
2.307048968573402123e-02
1.682301974299363692e-02
2.299737007502804242e-02
3.773435739523518101e-02
4.907515425212727322e-02
3.212056873877014440e-02
2.556987419042714912e-02
3.827724904534080680e-02
5.203500619179437375e-02
4.073542681426402939e-02
6.059465182091595264e-02
1.035306908867036912e-01
7.945034147304312622e-02
4.659143527894057252e-02
3.131377538253213300e-02
4.009212034775152395e-02
2.938717706427117909e-02
1.967179225562051131e-02
2.470589024369139464e-02
3.782201083247237194e-02
2.889543334535657482e-02
1.764131992387637030e-02
1.289839776397818522e-02
1.772161129326501813e-02
2.236784918239506995e-02
1.625956246509173767e-02
2.288883270941632561e-02
3.728332441496535338e-02
2.892277971681986998e-02
1.724878934942196407e-02
1.186134713046963982e-02
1.562908688762602513e-02
1.203557355007110578e-02
8.363910537220046668e-03
1.095994168609385790e-02
1.733532058723097000e-02
2.191445023710443182e-02
1.385484965896729981e-02
1.063813285257804268e-02
1.531671927745490054e-02
2.064364462690309460e-02
1.562656005219995384e-02
2.276823475337061420e-02
3.808909301781954887e-02
2.955863737612837716e-02
1.748618499138296714e-02
1.186134713046964155e-02
1.540776229125685390e-02
1.136628873861323004e-02
7.743221251720037827e-03
9.893893067116885792e-03
1.539321843718071889e-02
1.210888246289580465e-02
7.527698774467682027e-03
5.627426444648026341e-03
7.926262137065973046e-03
1.017371649598743100e-02
7.573942309845484513e-03
1.085503420388135923e-02
1.797892680666869983e-02
2.258102426538882018e-02
1.370135963186912623e-02
9.603796489689021484e-03
1.299078494382650828e-02
1.019611279996810935e-02
7.294085144325575427e-03
9.818810257045193154e-03
1.588689297756732191e-02
2.084355125716767440e-02
1.345601699970098465e-02
1.057239080862438715e-02
1.559471315326916435e-02
2.120770803136199506e-02
1.639015592115665096e-02
2.420663136681711070e-02
4.102971048352737488e-02
3.238118076775850507e-02
1.909542902227444328e-02
1.289839776397818348e-02
1.666397203308037783e-02
1.221139206294075130e-02
8.259998537349037828e-03
1.047040214250020973e-02
1.618672239916367148e-02
1.229158297592911411e-02
7.580102271078277901e-03
5.604003575418455702e-03
7.806990423031348429e-03
9.894170063696586942e-03
7.291443717726006982e-03
1.036170122403598341e-02
1.704601784431102399e-02
1.343788943529568118e-02
8.098117785828693946e-03
5.627426444648027208e-03
7.533338101744796282e-03
5.835514365654766861e-03
4.127006687085840383e-03
5.490891118020306549e-03
8.808754232041710736e-03
1.112909453790277003e-02
7.135580680145684439e-03
5.558176105958353812e-03
8.135121258914966222e-03
1.098249549703371117e-02
8.436807200378195967e-03
1.240204234351858191e-02
2.094710118313213715e-02
2.600844446104492308e-02
1.553902715965427284e-02
1.063813285257804615e-02
1.403305610093317189e-02
1.037044581592028863e-02
7.188612479189062168e-03
9.326970421470716366e-03
1.473165230574135544e-02
1.158151690835479419e-02
7.311777872327423176e-03
5.558176105958354679e-03
7.982221183554445362e-03
1.031298064790569895e-02
7.815858242905692269e-03
1.133551863854696112e-02
1.899971968544758930e-02
2.430623949087555580e-02
1.491816483186203003e-02
1.057239080862438889e-02
1.453216887485233796e-02
1.146109184709980487e-02
8.335142359680020388e-03
1.137002591309638905e-02
1.862069177158704597e-02
2.425045138541463349e-02
1.584268746450246887e-02
1.258930781039663445e-02
1.880888423908565199e-02
2.556987419042714912e-02
1.998358604692527726e-02
2.969788311436017889e-02
5.068904821164595814e-02
6.223939229281905128e-02
3.664236640345575752e-02
2.470589024369133566e-02
3.183061263287357417e-02
2.329638891283029867e-02
1.570493340090747120e-02
1.984023828920928462e-02
3.057655040072588051e-02
2.314698227816896006e-02
1.422452848898884958e-02
1.047040214250019585e-02
1.451571420099121400e-02
1.833741976470320417e-02
1.344983999736517818e-02
1.904441483204185465e-02
3.122629191639725993e-02
2.382893558954459270e-02
1.430222983412648627e-02
9.893893067116871914e-03
1.316338324812515483e-02
1.015237595061935054e-02
7.130664333137466497e-03
9.426302364887119770e-03
1.504054001249570567e-02
1.888350582251673015e-02
1.204397243579297463e-02
9.326970421470705958e-03
1.356856900110010866e-02
1.827735892391640915e-02
1.396732119546571782e-02
2.046099763380772318e-02
3.444516360623579160e-02
2.697925129354430615e-02
1.606515793756252072e-02
1.095994168609385096e-02
1.438195098843369005e-02
1.060482592052304843e-02
7.306849208849990930e-03
9.426302364887118035e-03
1.481281438549236773e-02
1.157407310786572573e-02
7.268465533007616337e-03
5.490891118020302213e-03
7.833801915044513731e-03
1.007942150708378802e-02
7.594398832816963429e-03
1.096786620137518709e-02
1.831468782742932955e-02
2.272283794749094948e-02
1.390227793915409932e-02
9.818810257045184481e-03
1.343667999895986273e-02
1.056532937572276891e-02
7.649124945171619991e-03
1.039249740337289118e-02
1.696564781590612428e-02
2.203263262311253717e-02
1.435258867625531509e-02
1.137002591309638905e-02
1.693559493481824191e-02
2.299737007502803549e-02
1.792864047132031874e-02
2.660094532669466869e-02
4.533669261034820042e-02
5.688687434196832565e-02
3.373117669754900627e-02
2.288883270941630133e-02
2.982522852770555510e-02
2.182492222316814723e-02
1.490450827744331519e-02
1.904441483204184077e-02
2.969797841657159654e-02
2.233072005494326703e-02
1.389099246076003387e-02
1.036170122403597300e-02
1.460020581326169561e-02
1.853544254280395376e-02
1.381007192023490926e-02
1.976454896441637646e-02
3.276550373298266206e-02
2.553573216872351628e-02
1.550855553294340494e-02
1.085503420388135923e-02
1.469517211875639648e-02
1.140903695844836668e-02
8.165023302096374377e-03
1.096786620137519055e-02
1.775705244428283161e-02
2.229708149945897402e-02
1.442693517602833785e-02
1.133551863854696806e-02
1.675991685940495662e-02
2.261662961077112732e-02
1.753151889324108120e-02
2.590115587638143479e-02
4.399864662113124603e-02
5.507836232377653213e-02
3.309544320728843858e-02
2.276823475337058644e-02
3.028993259111209535e-02
2.237355509765583117e-02
1.565217626886723085e-02
2.046099763380772318e-02
3.256549950116676556e-02
2.544891860571073944e-02
1.619067880629036435e-02
1.240204234351858018e-02
1.797460907989393772e-02
2.325335870706917926e-02
1.776917471863649275e-02
2.590115587638143133e-02
4.364774883809333095e-02
5.505849524842873488e-02
3.398581742339384232e-02
2.420663136681709682e-02
3.352761851812787602e-02
2.646180862346960566e-02
1.939135033665503882e-02
2.660094532669467216e-02
4.380150545296684905e-02
5.660813110758056155e-02
3.718978909434593472e-02
2.969788311436016848e-02
4.462886777725567911e-02
6.059465182091592489e-02
4.760175223174937381e-02
7.092653340122460903e-02
1.214476731742988869e-01
1.183656577169971968e-01
6.936268691230466910e-02
4.659143527894064191e-02
5.958432712239924989e-02
4.368853999393888798e-02
2.920741510312699699e-02
3.664236640345582691e-02
5.602592153669683911e-02
4.288227378384257271e-02
2.614918277617727174e-02
1.909542902227446062e-02
2.619199744175441588e-02
3.305547476174345439e-02
2.398799593643344621e-02
3.373117669754905484e-02
5.487486742912518756e-02
4.273581003629382813e-02
2.545630846429561278e-02
1.748618499138297755e-02
2.299881423150731616e-02
1.770697939093782494e-02
1.228033562855037307e-02
1.606515793756253460e-02
2.536710925801970162e-02
3.211822394691993265e-02
2.027126452841175250e-02
1.553902715965428324e-02
2.232709771354714212e-02
3.009721804470632048e-02
2.273913178974251020e-02
3.309544320728848715e-02
5.529429060393638296e-02
4.308579252044619778e-02
2.545630846429560931e-02
1.724878934942197448e-02
2.236153380368678667e-02
1.649873335907740129e-02
1.121454693095189428e-02
1.430222983412650362e-02
2.220695548721396406e-02
1.749788535052923533e-02
1.085564731084583123e-02
8.098117785828688742e-03
1.137599698628608338e-02
1.459558322163395302e-02
1.083835069869274435e-02
1.550855553294342055e-02
2.564118920403495733e-02
3.232534949102074118e-02
1.957897448740296073e-02
1.370135963186913143e-02
1.848642168850275422e-02
1.450481868236951424e-02
1.034890768508244831e-02
1.390227793915411840e-02
2.244831861567983533e-02
2.952752899685309393e-02
1.902289028930251660e-02
1.491816483186204044e-02
2.195488945633025657e-02
2.986909070026709176e-02
2.303657431463513108e-02
3.398581742339385620e-02
5.752913491818330283e-02
4.440831767981102268e-02
2.614918277617725786e-02
1.764131992387637377e-02
2.273828664882181216e-02
1.667010773441430019e-02
1.124634754795405395e-02
1.422452848898885826e-02
2.193688318205577054e-02
1.670784122364727189e-02
1.027865772648170126e-02
7.580102271078282238e-03
1.052561421208251385e-02
1.333405590178681106e-02
9.795189139706679538e-03
1.389099246076004948e-02
2.279988489067153248e-02
1.805475130807994086e-02
1.085564731084583297e-02
7.527698774467688966e-03
1.004345721789257594e-02
7.775335246066630152e-03
5.479079469039431841e-03
7.268465533007624144e-03
1.162709247438865022e-02
1.472253336856053051e-02
9.412565003813813322e-03
7.311777872327425778e-03
1.066690977180496415e-02
1.440342511180388481e-02
1.103225026713442261e-02
1.619067880629037823e-02
2.729403024260883964e-02
3.399496801762801057e-02
2.027126452841175250e-02
1.385484965896730675e-02
1.822287410978500749e-02
1.346975205895472975e-02
9.307122503182342285e-03
1.204397243579298157e-02
1.897131174767514514e-02
1.495001180116623668e-02
9.412565003813815057e-03
7.135580680145684439e-03
1.021344322487513848e-02
1.319034264572081609e-02
9.965986495485645164e-03
1.442693517602834652e-02
2.413235074574993436e-02
3.106043732390537104e-02
1.902289028930252354e-02
1.345601699970098465e-02
1.844219624401233215e-02
1.454151170576847146e-02
1.054447103896627089e-02
1.435258867625531856e-02
2.345525147066706076e-02
3.064362404976629650e-02
1.997527574995860977e-02
1.584268746450247581e-02
2.361469649951759148e-02
3.212056873877015828e-02
2.505108389385904757e-02
3.718978909434595553e-02
6.339383328303875575e-02
4.967693757392247639e-02
2.920741510312697964e-02
1.967179225562050091e-02
2.529128599680867742e-02
1.852044888962386254e-02
1.245583464154278834e-02
1.570493340090747120e-02
2.414985637227268570e-02
1.834044598520237837e-02
1.124634754795405915e-02
8.259998537349039563e-03
1.141756718595532578e-02
1.442029565022265314e-02
1.054591556184484615e-02
1.490450827744332386e-02
2.438629406352354340e-02
1.872314509044658778e-02
1.121454693095188908e-02
7.743221251720036960e-03
1.027029101976997469e-02
7.917768806085278763e-03
5.542511774929712379e-03
7.306849208849990063e-03
1.162699112583895703e-02
1.463247617690652431e-02
9.307122503182337081e-03
7.188612479189064770e-03
1.042451725161245429e-02
1.404541058383536149e-02
1.070216079866962051e-02
1.565217626886723085e-02
2.629944875877859856e-02
2.066314195457399222e-02
1.228033562855036787e-02
8.363910537220043198e-03
1.094287669135635306e-02
8.070587638038325892e-03
5.542511774929712379e-03
7.130664333137465630e-03
1.117349695806453200e-02
8.749847996791567523e-03
5.479079469039429238e-03
4.127006687085836914e-03
5.866898010977702853e-03
7.544308513071220496e-03
5.665436850644038104e-03
8.165023302096374377e-03
1.360393265792139879e-02
1.695377835328987226e-02
1.034890768508244831e-02
7.294085144325576295e-03
9.950176045014210921e-03
7.820630598972599240e-03
5.643787179598490529e-03
7.649124945171621726e-03
1.245754797370665114e-02
1.622593264818355044e-02
1.054447103896626221e-02
8.335142359680020388e-03
1.238322224364869252e-02
1.682301974299363345e-02
1.308511168870234859e-02
1.939135033665503535e-02
3.300166400444931591e-02
4.050945329478795182e-02
2.398799593643343234e-02
1.625956246509172379e-02
2.114321006798079716e-02
1.547793139726332326e-02
1.054591556184484788e-02
1.344983999736517818e-02
2.093083702302739671e-02
1.577861701388684132e-02
9.795189139706674333e-03
7.291443717726003512e-03
1.024696248832979162e-02
1.300471685312695400e-02
9.664954546062854562e-03
1.381007192023490926e-02
2.285424321663648284e-02
1.787756139058056803e-02
1.083835069869274262e-02
7.573942309845490585e-03
1.022757618846123831e-02
7.937212495573173557e-03
5.665436850644030298e-03
7.594398832816960827e-03
1.227078300726188072e-02
1.543342977425879621e-02
9.965986495485639959e-03
7.815858242905692269e-03
1.153071157393328189e-02
1.556260811832334626e-02
1.204009751395683329e-02
1.776917471863649622e-02
3.014771814173912087e-02
3.789196435138061925e-02
2.273913178974249286e-02
1.562656005219995037e-02
2.074955058134389865e-02
1.532910653728704505e-02
1.070216079866961878e-02
1.396732119546571782e-02
2.219301847864208962e-02
1.736998919529227775e-02
1.103225026713442435e-02
8.436807200378201171e-03
1.220352849381156450e-02
1.578413262473852066e-02
1.204009751395683676e-02
1.753151889324108467e-02
2.950956453123972784e-02
3.736704294536855736e-02
2.303657431463513108e-02
1.639015592115664402e-02
2.266371891097575253e-02
1.788556034344004203e-02
1.308511168870234859e-02
1.792864047132032915e-02
2.948720391216901396e-02
3.817771666989730472e-02
2.505108389385904064e-02
1.998358604692527726e-02
2.999299775286676933e-02
4.073542681426402245e-02
3.196520818923972995e-02
4.760175223174937381e-02
8.145249303633814164e-02
1.014508985266202729e-01
5.958432712239921519e-02
4.009212034775152395e-02
5.145575334169579657e-02
3.768117122384168766e-02
2.529128599680869824e-02
3.183061263287360887e-02
4.885368908484062633e-02
3.715385223060405778e-02
2.273828664882181563e-02
1.666397203308037783e-02
2.297166271836554793e-02
2.898921616243768304e-02
2.114321006798081104e-02
2.982522852770557939e-02
4.870315221215686108e-02
3.741010944476389627e-02
2.236153380368676932e-02
1.540776229125685043e-02
2.037212573776598507e-02
1.568750148692744234e-02
1.094287669135634612e-02
1.438195098843370046e-02
2.281961078534511592e-02
2.873241149383464962e-02
1.822287410978499708e-02
1.403305610093316842e-02
2.028064600638245646e-02
2.731564438310544324e-02
2.074955058134389171e-02
3.028993259111210923e-02
5.079189556587766080e-02
3.879045396468570189e-02
2.299881423150730575e-02
1.562908688762601819e-02
2.037212573776598160e-02
1.501841711101269822e-02
1.027029101976997295e-02
1.316338324812516003e-02
2.054994597198348677e-02
1.610071699046193225e-02
1.004345721789258114e-02
7.533338101744798017e-03
1.065702005944997414e-02
1.368143260942511139e-02
1.022757618846124351e-02
1.469517211875639648e-02
2.440929476888467273e-02
3.037812836868635652e-02
1.848642168850274728e-02
1.299078494382650134e-02
1.764464667123272212e-02
1.384994269854813997e-02
9.950176045014209186e-03
1.343667999895985926e-02
2.181096760973854146e-02
2.847244952723750402e-02
1.844219624401231827e-02
1.453216887485233970e-02
2.151335391537028546e-02
2.922866694683885422e-02
2.266371891097575253e-02
3.352761851812788296e-02
5.694929501716495396e-02
4.432016808654465345e-02
2.619199744175438813e-02
1.772161129326502160e-02
2.297166271836554793e-02
1.681752420848392493e-02
1.141756718595531364e-02
1.451571420099121920e-02
2.251644365413724147e-02
1.701151945543012342e-02
1.052561421208251038e-02
7.806990423031340623e-03
1.092361218675728246e-02
1.384566409501650566e-02
1.024696248832979335e-02
1.460020581326169561e-02
2.409177743386836310e-02
1.882044437212910051e-02
1.137599698628609032e-02
7.926262137065974780e-03
1.065702005944997414e-02
8.257517826678049608e-03
5.866898010977708924e-03
7.833801915044515465e-03
1.261297668186349245e-02
1.587144414450647120e-02
1.021344322487512980e-02
7.982221183554438423e-03
1.173096753464506620e-02
1.582686818870863293e-02
1.220352849381156277e-02
1.797460907989394466e-02
3.043224018756308241e-02
3.727561160262001655e-02
2.232709771354713518e-02
1.531671927745489881e-02
2.028064600638245646e-02
1.497790728023382610e-02
1.042451725161245429e-02
1.356856900110010172e-02
2.150424677346520277e-02
1.683817209402197271e-02
1.066690977180495721e-02
8.135121258914964487e-03
1.173096753464506620e-02
1.515764445076987245e-02
1.153071157393328883e-02
1.675991685940494968e-02
2.816158076501272187e-02
3.567446070724863971e-02
2.195488945633024616e-02
1.559471315326915394e-02
2.151335391537028199e-02
1.696567716338415535e-02
1.238322224364868905e-02
1.693559493481823844e-02
2.780833321696065188e-02
3.604708330299179891e-02
2.361469649951758454e-02
1.880888423908564852e-02
2.818246867519302520e-02
3.827724904534080680e-02
2.999299775286676586e-02
4.462886777725569298e-02
7.629885502279622200e-02
9.500788155241561561e-02
5.602592153669667951e-02
3.782201083247231643e-02
4.885368908484055001e-02
3.572304907750213643e-02
2.414985637227266488e-02
3.057655040072585970e-02
4.724595814613549716e-02
3.560709877106771337e-02
2.193688318205573931e-02
1.618672239916366107e-02
2.251644365413722759e-02
2.844224765576792643e-02
2.093083702302740365e-02
2.969797841657158960e-02
4.881214687009507308e-02
3.691320026001393417e-02
2.220695548721393284e-02
1.539321843718070675e-02
2.054994597198347289e-02
1.585033517186126492e-02
1.117349695806452853e-02
1.481281438549236773e-02
2.370498737752404009e-02
2.965645932079696498e-02
1.897131174767512432e-02
1.473165230574135023e-02
2.150424677346518890e-02
2.895075178388421128e-02
2.219301847864207922e-02
3.256549950116676556e-02
5.493514640688315631e-02
4.251160526290301278e-02
2.536710925801965999e-02
1.733532058723095265e-02
2.281961078534510551e-02
1.681716315973637299e-02
1.162699112583895356e-02
1.504054001249569873e-02
2.370498737752404356e-02
1.845994300704760505e-02
1.162709247438863808e-02
8.808754232041698592e-03
1.261297668186348725e-02
1.623134027166632173e-02
1.227078300726188072e-02
1.775705244428282814e-02
2.971858695405591930e-02
3.660389171081577381e-02
2.244831861567982145e-02
1.588689297756730803e-02
2.181096760973853452e-02
1.715085920258641733e-02
1.245754797370665287e-02
1.696564781590612775e-02
2.776258561591030474e-02
3.591663686587511645e-02
2.345525147066703994e-02
1.862069177158703209e-02
2.780833321696065188e-02
3.773435739523518101e-02
2.948720391216900355e-02
4.380150545296684211e-02
7.476349438450571872e-02
9.239363363295345632e-02
5.487486742912506960e-02
3.728332441496530480e-02
4.870315221215681944e-02
3.561251360998645560e-02
2.438629406352352952e-02
3.122629191639725646e-02
4.881214687009505920e-02
3.656515207925025573e-02
2.279988489067150820e-02
1.704601784431099970e-02
2.409177743386835963e-02
3.058557612258242658e-02
2.285424321663647937e-02
3.276550373298264818e-02
5.442755395456456285e-02
4.213314613721685920e-02
2.564118920403493998e-02
1.797892680666868248e-02
2.440929476888466579e-02
1.895241929793611835e-02
1.360393265792139705e-02
1.831468782742932608e-02
2.971858695405592277e-02
3.721155472361722949e-02
2.413235074574991701e-02
1.899971968544758236e-02
2.816158076501271146e-02
3.798397303058938246e-02
2.950956453123973131e-02
4.364774883809332401e-02
7.425040859373070734e-02
9.187250453322561017e-02
5.529429060393632051e-02
3.808909301781948642e-02
5.079189556587761917e-02
3.749898119773496102e-02
2.629944875877857427e-02
3.444516360623579160e-02
5.493514640688317019e-02
4.281275182693136672e-02
2.729403024260882923e-02
2.094710118313213021e-02
3.043224018756308935e-02
3.936633438773828875e-02
3.014771814173912087e-02
4.399864662113125297e-02
7.425040859373070734e-02
9.304853124596489111e-02
5.752913491818324732e-02
4.102971048352732630e-02
5.694929501716492620e-02
4.494033590301245440e-02
3.300166400444932285e-02
4.533669261034819348e-02
7.476349438450576035e-02
9.633961493523109099e-02
6.339383328303874188e-02
5.068904821164594426e-02
7.629885502279619425e-02
1.035306908867037051e-01
8.145249303633815552e-02
1.214476731742988314e-01
2.081487919587719226e-01
