1.268195337625571684e-01
8.728383316292268046e-02
6.429074050948363483e-02
8.121491233004890509e-02
6.158272403348213908e-02
4.620566666895692398e-02
5.690895666825757093e-02
7.943062670315642615e-02
6.087079572469661359e-02
4.282771263470572243e-02
3.354960099845913368e-02
4.374846956663218378e-02
5.353208853891254504e-02
4.159251039303675512e-02
5.501398160570281776e-02
7.886789079821469872e-02
6.065683717543253473e-02
4.205668341459278120e-02
3.142467033979302882e-02
4.011335824892504898e-02
3.194197401935226777e-02
2.427618867267035754e-02
3.054330014678846919e-02
4.309956629170649117e-02
5.260962102198794149e-02
3.745319082265640559e-02
3.003389239116406248e-02
3.973340890890542793e-02
5.145134619778624768e-02
4.047627402612834907e-02
5.447642719186630844e-02
7.881228266564686835e-02
6.065683717543253473e-02
4.186802826434262575e-02
3.097940763582359563e-02
3.929089149458747654e-02
3.007910695952667121e-02
2.267442737427113192e-02
2.811536891734354310e-02
3.940457635678243364e-02
3.154590822243544257e-02
2.230177424449325888e-02
1.761642537454102472e-02
2.310783944198651144e-02
2.870285782797319524e-02
2.242497587485597910e-02
2.986499027157144687e-02
4.299590230113434913e-02
5.239595069254442128e-02
3.649328438091389848e-02
2.746904103051063181e-02
3.527496410795134818e-02
2.855535466219855448e-02
2.184531223897857866e-02
2.774265696575166362e-02
3.936030413682024137e-02
5.053122006846633152e-02
3.614942924184072481e-02
2.922120911401450416e-02
3.887593782483726029e-02
5.092606736065680845e-02
4.025878273919106937e-02
5.448757835923689896e-02
7.911069117248696603e-02
6.087079572469663441e-02
4.194689537065583729e-02
3.095023897038398988e-02
3.916411206289640429e-02
2.977274369250921746e-02
2.238174795809273060e-02
2.763576915582793836e-02
3.863932289179440593e-02
2.983047087286096535e-02
2.102804185950269897e-02
1.652158773842977990e-02
2.159425234684943587e-02
2.653519918999830071e-02
2.066313700923707794e-02
2.740010881257336217e-02
3.934950232561474498e-02
3.154590822243540094e-02
2.191581105414837014e-02
1.642358689293493129e-02
2.101938829026492664e-02
1.682694002007266779e-02
1.282510022215465478e-02
1.619677441631561798e-02
2.290998409778314399e-02
2.830780154951161726e-02
2.019928666924645719e-02
1.625475023397331131e-02
2.156172416199105685e-02
2.803338978013574304e-02
2.210664092553535007e-02
2.982868654597985170e-02
4.323152637335529042e-02
5.260962102198787904e-02
3.638302377603888638e-02
2.699393132650513422e-02
3.432409398756478686e-02
2.639085681671030775e-02
1.995143963106239121e-02
2.483281869433610206e-02
3.489148426976968614e-02
2.830780154951161726e-02
2.006552335569308787e-02
1.591613523646803405e-02
2.094370278049885459e-02
2.616985898675541419e-02
2.050606167878117267e-02
2.739981756041491925e-02
3.953507157516012588e-02
5.053122006846630376e-02
3.526665578281171221e-02
2.662461966148952502e-02
3.428073413428078114e-02
2.788925805185610979e-02
2.139478508672173693e-02
2.726673665836017169e-02
3.877264156697905056e-02
5.022013790882953743e-02
3.600212232522707195e-02
2.919104045250006316e-02
3.892706738280393014e-02
5.115162123994525939e-02
4.052120351320170205e-02
5.495883542748188771e-02
7.991756538821810640e-02
6.158272403348152846e-02
4.240918558394657367e-02
3.126039631321549800e-02
3.952043105910595100e-02
2.999174220520422693e-02
2.252253696135191746e-02
2.776923343352600410e-02
3.878939137278288041e-02
2.977274369250914113e-02
2.096511115354039723e-02
1.644323973490076016e-02
2.146375551365296147e-02
2.630128524740179066e-02
2.045541111208138210e-02
2.708451350607557831e-02
3.885870245538616125e-02
3.007910695952656366e-02
2.087293037234681792e-02
1.561415855402147577e-02
1.995319367612213499e-02
1.591622857758334328e-02
1.211082383853508831e-02
1.525978190048449430e-02
2.155471461725294927e-02
2.639085681671029388e-02
1.880653010138873954e-02
1.510230867540420831e-02
2.000247621419013605e-02
2.593597973203868798e-02
2.042498662071524224e-02
2.751831579693655647e-02
3.984305424074181812e-02
3.194197401935214981e-02
2.206738488733449646e-02
1.634757075479090563e-02
2.075804184157192811e-02
1.591622857758333981e-02
1.201384674690733970e-02
1.492115380850549122e-02
2.093665091184030921e-02
1.682694002007265391e-02
1.191040521601565219e-02
9.425100936782681432e-03
1.238097503265079419e-02
1.541305497341543401e-02
1.205828267158791899e-02
1.608220452320643576e-02
2.317741028824530855e-02
2.855535466219850937e-02
1.990895716536719706e-02
1.500678113666526620e-02
1.929660520691822007e-02
1.565247220453874419e-02
1.199088337137532885e-02
1.525343019057015005e-02
2.166562992640657520e-02
2.788925805185609938e-02
1.997330328017255657e-02
1.616950169416120353e-02
2.153810973501956230e-02
2.824962665854572133e-02
2.235680617514908611e-02
3.029037915974171907e-02
4.401480927498831880e-02
5.353208853891233687e-02
3.692185664774601944e-02
2.727310417398289694e-02
3.455131629119059106e-02
2.630128524740176985e-02
1.979770096074649419e-02
2.448411534251515934e-02
3.427236649078293368e-02
2.653519918999826602e-02
1.872797204175278077e-02
1.474090083261254611e-02
1.929531236185336868e-02
2.376202323104647379e-02
1.852985960253887218e-02
2.460841486986252089e-02
3.537944497892947515e-02
2.870285782797313279e-02
1.996357209261916121e-02
1.498441694602474158e-02
1.920608198183017951e-02
1.541305497341542881e-02
1.176617885037270148e-02
1.488892907968918794e-02
2.108813584986327788e-02
2.616985898675538991e-02
1.869776450925385303e-02
1.507395110159048292e-02
2.002464889932309075e-02
2.608040628182286061e-02
2.059377532678148201e-02
2.782391147529247183e-02
4.036602378493670679e-02
5.145134619778617135e-02
3.561472435675169107e-02
2.645572030441200109e-02
3.368049186854930876e-02
2.593597973203867063e-02
1.963354241063731617e-02
2.447707138950456357e-02
3.443126308583718126e-02
2.803338978013571875e-02
1.989440333300625599e-02
1.580758474191205215e-02
2.082970213691686875e-02
2.608040628182286061e-02
2.046225097635099091e-02
2.737816941191200185e-02
3.954261903600281292e-02
5.092606736065674600e-02
3.557534807394654996e-02
2.689115615072957405e-02
3.466471332003440847e-02
2.824962665854571439e-02
2.169761203442899244e-02
2.769275347516273605e-02
3.941762282746719831e-02
5.115162123994520388e-02
3.670455483873637931e-02
2.979854181242143005e-02
3.977884126176196855e-02
5.232236417563249087e-02
4.148769028056723679e-02
5.631949621808161194e-02
8.195361316382668293e-02
6.429074050948348218e-02
4.426102330675403540e-02
3.261257059998991237e-02
4.121347455229568829e-02
3.126039631321558820e-02
2.346468645070999906e-02
2.891434676887886038e-02
4.037263485182885497e-02
3.095023897038398988e-02
2.178477545070828941e-02
1.707477064524495769e-02
2.227619675349760964e-02
2.727310417398293857e-02
2.120025664578410393e-02
2.805475909813615748e-02
4.023438597270365125e-02
3.097940763582355747e-02
2.148808755264464132e-02
1.606400592988097009e-02
2.051599188693725359e-02
1.634757075479092991e-02
1.243108187259250874e-02
1.565040697772212760e-02
2.209453644017971355e-02
2.699393132650513422e-02
1.922608288773166099e-02
1.542714323644512470e-02
2.042021666275842598e-02
2.645572030441202885e-02
2.082270826034249983e-02
2.803806308946446557e-02
4.057858349854407548e-02
3.142467033979299412e-02
2.169933354815769405e-02
1.606400592988097009e-02
2.038456091533937670e-02
1.561415855402148271e-02
1.177718023099826559e-02
1.461334323929312090e-02
2.049154276954655643e-02
1.642358689293492435e-02
1.161702367788207922e-02
9.183333048223293535e-03
1.205359188663241744e-02
1.498441694602475199e-02
1.171404851957121539e-02
1.561001663001424476e-02
2.248383215760633297e-02
2.746904103051061447e-02
1.914080673925128151e-02
1.441627241748034451e-02
1.852391154492647601e-02
1.500678113666526967e-02
1.148752520513120212e-02
1.459920815574179687e-02
2.072347521122354375e-02
2.662461966148951115e-02
1.905641901250801004e-02
1.541428711310076534e-02
2.051862162317667770e-02
2.689115615072958446e-02
2.126918983879285546e-02
2.879989878103868597e-02
4.183071569677227625e-02
3.354960099845906429e-02
2.312935027410898542e-02
1.707477064524494728e-02
2.161848673425596085e-02
1.644323973490076363e-02
1.236898388701543339e-02
1.528387230311277836e-02
2.138131434840937276e-02
1.652158773842976255e-02
1.165317532034066544e-02
9.163390126708333486e-03
1.198530448261695379e-02
1.474090083261254958e-02
1.148664883485137934e-02
1.524238543035959584e-02
2.190142116064086944e-02
1.761642537454100391e-02
1.224536977241332848e-02
9.183333048223284861e-03
1.176147854246775183e-02
9.425100936782677963e-03
7.189044820453771231e-03
9.087295919256005092e-03
1.286199548292736930e-02
1.591613523646802711e-02
1.136418579288964864e-02
9.152771527475001695e-03
1.214963527892953983e-02
1.580758474191205215e-02
1.247365966461985547e-02
1.684123977552953733e-02
2.442042848239982245e-02
3.003389239116403125e-02
2.078045409431767895e-02
1.542714323644510908e-02
1.962878894459498327e-02
1.510230867540420310e-02
1.142518156880572427e-02
1.423216330938560127e-02
2.000900012746534631e-02
1.625475023397330090e-02
1.152897953369432307e-02
9.152771527474999960e-03
1.205261607182792419e-02
1.507395110159048118e-02
1.181953831519758601e-02
1.580380361702228564e-02
2.281504902702512216e-02
2.922120911401447640e-02
2.040432698416323395e-02
1.541428711310076187e-02
1.985942758789797230e-02
1.616950169416120006e-02
1.241231893249175947e-02
1.583091186613314050e-02
2.252334060681467423e-02
2.919104045250004234e-02
2.093756633995856251e-02
1.698797282263439859e-02
2.266702056328852993e-02
2.979854181242143005e-02
2.361814568734696071e-02
3.204842968721387936e-02
4.662109083752310340e-02
5.690895666825690480e-02
3.920684358439224110e-02
2.891434676887876670e-02
3.657464892088507086e-02
2.776923343352593124e-02
2.086620942932270600e-02
2.574536879133067571e-02
3.598204747476406451e-02
2.763576915582784121e-02
1.947141497145128686e-02
1.528387230311276622e-02
1.996420232233401398e-02
2.448411534251515240e-02
1.905491677774703851e-02
2.524738518898210493e-02
3.624218529759584001e-02
2.811536891734344942e-02
1.952094589019541873e-02
1.461334323929309835e-02
1.868757280662743450e-02
1.492115380850547214e-02
1.136232925675480232e-02
1.432973473959508331e-02
2.025411645833519875e-02
2.483281869433607084e-02
1.770755092577992046e-02
1.423216330938560127e-02
1.886374995431752688e-02
2.447707138950455663e-02
1.928902593571867399e-02
2.600451623955687269e-02
3.767050884620098961e-02
3.054330014678835123e-02
2.111222739995364042e-02
1.565040697772210332e-02
1.988660556738940099e-02
1.525978190048447349e-02
1.152711786674726242e-02
1.432973473959508331e-02
2.012024273171747132e-02
1.619677441631559023e-02
1.147226077970823870e-02
9.087295919255999888e-03
1.194696992434638068e-02
1.488892907968918100e-02
1.165717738623582057e-02
1.555947914931272991e-02
2.243735421522244713e-02
2.774265696575161505e-02
1.935357205604162564e-02
1.459920815574178125e-02
1.878634457056581331e-02
1.525343019057013964e-02
1.169412726840945820e-02
1.488922915908511176e-02
2.116168047966452553e-02
2.726673665836015087e-02
1.953935004712439166e-02
1.583091186613313009e-02
2.110138190394988955e-02
2.769275347516273258e-02
2.192957084731761777e-02
2.972835741238550461e-02
4.321807410789402920e-02
5.501398160570256102e-02
3.796020841256457501e-02
2.805475909813609850e-02
3.556172028108352257e-02
2.708451350607552974e-02
2.039993878404639666e-02
2.524738518898209452e-02
3.536035067433682816e-02
2.740010881257330319e-02
1.934950851891465914e-02
1.524238543035957676e-02
1.996548115500632395e-02
2.460841486986251048e-02
1.920254699687275884e-02
2.551892578221614388e-02
3.670743941169714308e-02
2.986499027157138442e-02
2.078274508410799665e-02
1.561001663001422395e-02
2.002138756059172742e-02
1.608220452320642188e-02
1.228571900891262635e-02
1.555947914931272297e-02
2.205097329845610160e-02
2.739981756041489497e-02
1.958781906487347749e-02
1.580380361702226830e-02
2.100784387048768020e-02
2.737816941191199144e-02
2.163132167951541465e-02
2.924208492367840959e-02
4.244239931378541997e-02
5.447642719186619742e-02
3.772485020792712418e-02
2.803806308946443435e-02
3.571489685313322671e-02
2.751831579693652871e-02
2.084393852635858455e-02
2.600451623955686922e-02
3.659905439509467812e-02
2.982868654597981006e-02
2.117969598212992438e-02
1.684123977552953039e-02
2.220549503014810494e-02
2.782391147529245448e-02
2.184276399215944603e-02
2.924208492367840265e-02
4.225336184682019353e-02
5.448757835923682957e-02
3.807971155174821876e-02
2.879989878103866169e-02
3.714526384375689549e-02
3.029037915974170173e-02
2.327792703869609528e-02
2.972835741238550808e-02
4.233428116612270031e-02
5.495883542748184608e-02
3.945374926293984674e-02
3.204842968721387242e-02
4.280292970382396089e-02
5.631949621808159112e-02
4.467669737554583881e-02
6.067224674880405261e-02
8.831655203950765365e-02
8.728383316292256944e-02
6.008137795245994950e-02
4.426102330675402846e-02
5.592245124210531299e-02
4.240918558394667082e-02
3.182592417755358144e-02
3.920684358439235906e-02
5.473259602495796072e-02
4.194689537065583035e-02
2.951854355576901887e-02
2.312935027410900624e-02
3.016720110407859409e-02
3.692185664774609577e-02
2.869316479148206062e-02
3.796020841256464440e-02
5.442906307189655096e-02
4.186802826434259800e-02
2.903450078845760951e-02
2.169933354815770099e-02
2.770536928016101644e-02
2.206738488733452075e-02
1.677551678537097385e-02
2.111222739995367859e-02
2.979765154430654220e-02
3.638302377603889332e-02
2.590676051374653233e-02
2.078045409431769283e-02
2.749812635453843454e-02
3.561472435675171883e-02
2.802400541149554711e-02
3.772485020792717969e-02
5.458675018243392546e-02
4.205668341459272569e-02
2.903450078845760951e-02
2.148808755264463785e-02
2.725947192415615131e-02
2.087293037234683526e-02
1.573856210670653011e-02
1.952094589019544649e-02
2.736537749171870371e-02
2.191581105414837360e-02
1.549725323952469425e-02
1.224536977241333022e-02
1.606694471317204886e-02
1.996357209261918203e-02
1.560124248334536848e-02
2.078274508410802093e-02
2.992655089728132878e-02
3.649328438091389848e-02
2.542244222040880228e-02
1.914080673925128498e-02
2.458648425160581130e-02
1.990895716536720053e-02
1.523481574078506401e-02
1.935357205604164299e-02
2.746438819911468932e-02
3.526665578281169139e-02
2.523492928075977623e-02
2.040432698416324783e-02
2.715266704204954626e-02
3.557534807394657772e-02
2.812991784621707986e-02
3.807971155174823957e-02
5.529759011315012185e-02
4.282771263470543099e-02
2.951854355576899458e-02
2.178477545070827553e-02
2.757288394928134045e-02
2.096511115354039029e-02
1.576475622215386604e-02
1.947141497145131114e-02
2.723068821173196472e-02
2.102804185950268856e-02
1.482669877570130801e-02
1.165317532034066371e-02
1.523559850177223264e-02
1.872797204175279118e-02
1.458778090783216866e-02
1.934950851891466955e-02
2.779427345675432315e-02
2.230177424449323112e-02
1.549725323952468904e-02
1.161702367788207402e-02
1.487225197266801684e-02
1.191040521601564699e-02
9.080713599281104581e-03
1.147226077970824390e-02
1.623161369552360289e-02
2.006552335569308440e-02
1.432170336227412029e-02
1.152897953369432481e-02
1.529761283210701386e-02
1.989440333300626987e-02
1.569268965538101954e-02
2.117969598212994867e-02
3.070272292144422821e-02
3.745319082265635702e-02
2.590676051374651845e-02
1.922608288773165405e-02
2.445356782091494610e-02
1.880653010138874301e-02
1.422190202541652286e-02
1.770755092577992740e-02
2.488652192625949444e-02
2.019928666924644678e-02
1.432170336227412029e-02
1.136418579288964517e-02
1.495850809234552416e-02
1.869776450925385650e-02
1.465536256276968666e-02
1.958781906487349136e-02
2.826950951545550983e-02
3.614942924184069706e-02
2.523492928075977623e-02
1.905641901250800310e-02
2.454306432278435812e-02
1.997330328017255657e-02
1.532658341314948984e-02
1.953935004712440207e-02
2.779105842062334214e-02
3.600212232522705114e-02
2.581536697933571600e-02
2.093756633995857291e-02
2.792794472962651861e-02
3.670455483873639319e-02
2.908332890733828294e-02
3.945374926293988144e-02
5.738115795548195952e-02
4.620566666895626479e-02
3.182592417755346348e-02
2.346468645070989151e-02
2.967250699201165465e-02
2.252253696135183766e-02
1.691827447293973649e-02
2.086620942932270600e-02
2.915437278240578384e-02
2.238174795809262999e-02
1.576475622215384176e-02
1.236898388701541431e-02
1.615070409583991770e-02
1.979770096074648378e-02
1.540214947915587336e-02
2.039993878404641053e-02
2.927545524389569415e-02
2.267442737427103477e-02
1.573856210670650582e-02
1.177718023099824304e-02
1.505489599155409967e-02
1.201384674690732755e-02
9.144667902640846169e-03
1.152711786674726069e-02
1.628712053433616080e-02
1.995143963106237386e-02
1.422190202541651072e-02
1.142518156880572081e-02
1.513735129712509217e-02
1.963354241063729883e-02
1.546654430130086494e-02
2.084393852635860189e-02
3.018659097687426476e-02
2.427618867267025346e-02
1.677551678537094262e-02
1.243108187259248446e-02
1.578998752005148984e-02
1.211082383853506750e-02
9.144667902640844434e-03
1.136232925675480232e-02
1.594800269132436166e-02
1.282510022215462703e-02
9.080713599281094173e-03
7.189044820453771231e-03
9.447198999209333731e-03
1.176617885037269454e-02
9.208442037606751757e-03
1.228571900891262982e-02
1.771084510877674045e-02
2.184531223897853702e-02
1.523481574078505013e-02
1.148752520513119171e-02
1.477641517413616663e-02
1.199088337137532365e-02
9.189128354658265829e-03
1.169412726840946687e-02
1.661498380833028796e-02
2.139478508672172305e-02
1.532658341314948464e-02
1.241231893249175773e-02
1.653874031431257913e-02
2.169761203442899591e-02
1.717653422864012097e-02
2.327792703869610569e-02
3.383247929028444095e-02
4.159251039303656777e-02
2.869316479148199123e-02
2.120025664578405883e-02
2.686550771220816425e-02
2.045541111208135088e-02
1.540214947915586469e-02
1.905491677774703504e-02
2.668010269528163156e-02
2.066313700923702590e-02
1.458778090783215652e-02
1.148664883485136720e-02
1.504078045318005437e-02
1.852985960253886177e-02
1.445453792873497081e-02
1.920254699687275537e-02
2.761460768196022028e-02
2.242497587485592359e-02
1.560124248334535460e-02
1.171404851957120151e-02
1.501938008001524501e-02
1.205828267158790684e-02
9.208442037606748287e-03
1.165717738623581884e-02
1.651571478065998536e-02
2.050606167878115532e-02
1.465536256276967451e-02
1.181953831519758254e-02
1.570653193858885521e-02
2.046225097635097703e-02
1.616237308636190098e-02
2.184276399215945644e-02
3.169595834743653417e-02
4.047627402612824499e-02
2.802400541149551588e-02
2.082270826034247208e-02
2.651685073019945105e-02
2.042498662071522142e-02
1.546654430130085453e-02
1.928902593571866358e-02
2.714074732173637344e-02
2.210664092553531884e-02
1.569268965538100913e-02
1.247365966461984853e-02
1.644184543022594869e-02
2.059377532678147854e-02
1.616237308636189751e-02
2.163132167951541118e-02
3.124958098941166967e-02
4.025878273919102079e-02
2.812991784621705904e-02
2.126918983879283465e-02
2.742537352902265149e-02
2.235680617514907917e-02
1.717653422864011750e-02
2.192957084731761083e-02
3.122183668414265853e-02
4.052120351320166042e-02
2.908332890733826906e-02
2.361814568734696071e-02
3.153656524712136755e-02
4.148769028056722985e-02
3.290432564565962115e-02
4.467669737554584575e-02
6.502300398843327556e-02
8.121491233004878019e-02
5.592245124210527135e-02
4.121347455229564666e-02
5.209498871253619157e-02
3.952043105910592324e-02
2.967250699201167199e-02
3.657464892088509167e-02
5.108053158739991884e-02
3.916411206289636959e-02
2.757288394928132658e-02
2.161848673425595738e-02
2.821229768084924580e-02
3.455131629119059800e-02
2.686550771220817813e-02
3.556172028108355032e-02
5.101200235077740786e-02
3.929089149458740715e-02
2.725947192415613396e-02
2.038456091533935588e-02
2.604177916643540119e-02
2.075804184157191770e-02
1.578998752005150025e-02
1.988660556738940446e-02
2.808272329258050884e-02
3.432409398756475910e-02
2.445356782091494610e-02
1.962878894459496940e-02
2.598985188287980877e-02
3.368049186854931570e-02
2.651685073019946146e-02
3.571489685313325446e-02
5.170050170324016342e-02
4.011335824892497959e-02
2.770536928016099562e-02
2.051599188693723277e-02
2.604177916643540119e-02
1.995319367612212458e-02
1.505489599155410661e-02
1.868757280662743797e-02
2.621223086235363597e-02
2.101938829026490235e-02
1.487225197266801337e-02
1.176147854246774489e-02
1.544301355383183479e-02
1.920608198183016910e-02
1.501938008001524501e-02
2.002138756059173436e-02
2.884528217402625161e-02
3.527496410795130655e-02
2.458648425160580436e-02
1.852391154492646907e-02
2.380980270250787276e-02
1.929660520691820619e-02
1.477641517413617184e-02
1.878634457056581678e-02
2.667470483836787906e-02
3.428073413428076727e-02
2.454306432278434771e-02
1.985942758789796883e-02
2.644394547427990697e-02
3.466471332003441541e-02
2.742537352902265149e-02
3.714526384375690243e-02
5.396362223861653207e-02
4.374846956663207970e-02
3.016720110407855940e-02
2.227619675349758188e-02
2.821229768084923539e-02
2.146375551365294065e-02
1.615070409583991423e-02
1.996420232233401398e-02
2.793684905661748472e-02
2.159425234684941852e-02
1.523559850177221876e-02
1.198530448261694685e-02
1.568183450209759480e-02
1.929531236185336174e-02
1.504078045318005437e-02
1.996548115500632395e-02
2.869568984487905552e-02
2.310783944198647674e-02
1.606694471317204193e-02
1.205359188663240357e-02
1.544301355383182785e-02
1.238097503265078204e-02
9.447198999209328527e-03
1.194696992434637721e-02
1.691487054217603869e-02
2.094370278049883030e-02
1.495850809234551028e-02
1.205261607182791551e-02
1.600455486452139267e-02
2.082970213691686182e-02
1.644184543022595563e-02
2.220549503014811188e-02
3.220662008692082301e-02
3.973340890890538629e-02
2.749812635453842066e-02
2.042021666275841210e-02
2.598985188287980530e-02
2.000247621419011870e-02
1.513735129712508870e-02
1.886374995431753035e-02
2.652834825187609658e-02
2.156172416199102562e-02
1.529761283210700519e-02
1.214963527892953289e-02
1.600455486452139267e-02
2.002464889932308728e-02
1.570653193858885868e-02
2.100784387048769061e-02
3.033546134920560647e-02
3.887593782483720478e-02
2.715266704204952891e-02
2.051862162317667077e-02
2.644394547427991043e-02
2.153810973501954842e-02
1.653874031431257913e-02
2.110138190394989302e-02
3.002975442453480193e-02
3.892706738280390238e-02
2.792794472962650473e-02
2.266702056328852299e-02
3.025307343064674234e-02
3.977884126176194080e-02
3.153656524712136061e-02
4.280292970382396089e-02
6.227776495800785989e-02
7.943062670315591267e-02
5.473259602495780807e-02
4.037263485182873701e-02
5.108053158739982863e-02
3.878939137278277632e-02
2.915437278240576302e-02
3.598204747476404369e-02
5.030053061213890508e-02
3.863932289179427410e-02
2.723068821173190920e-02
2.138131434840934153e-02
2.793684905661746390e-02
3.427236649078291286e-02
2.668010269528161074e-02
3.536035067433683510e-02
5.077036570923084552e-02
3.940457635678231568e-02
2.736537749171865860e-02
2.049154276954652174e-02
2.621223086235361169e-02
2.093665091184027452e-02
1.594800269132435472e-02
2.012024273171747132e-02
2.844606384605251684e-02
3.489148426976963063e-02
2.488652192625947016e-02
2.000900012746533937e-02
2.652834825187608617e-02
3.443126308583716738e-02
2.714074732173636997e-02
3.659905439509467812e-02
5.302889204148157620e-02
4.309956629170635933e-02
2.979765154430649363e-02
2.209453644017967192e-02
2.808272329258047761e-02
2.155471461725290416e-02
1.628712053433615733e-02
2.025411645833519528e-02
2.844606384605251337e-02
2.290998409778310929e-02
1.623161369552358901e-02
1.286199548292735716e-02
1.691487054217603869e-02
2.108813584986325707e-02
1.651571478065998536e-02
2.205097329845610160e-02
3.180565447837636894e-02
3.936030413682017198e-02
2.746438819911467197e-02
2.072347521122352293e-02
2.667470483836786865e-02
2.166562992640655091e-02
1.661498380833028102e-02
2.116168047966452553e-02
3.008389750508388971e-02
3.877264156697900893e-02
2.779105842062332826e-02
2.252334060681466729e-02
3.002975442453479499e-02
3.941762282746717749e-02
3.122183668414266547e-02
4.233428116612270031e-02
6.155523750209261624e-02
7.886789079821442117e-02
5.442906307189646770e-02
4.023438597270358880e-02
5.101200235077737316e-02
3.885870245538609880e-02
2.927545524389565945e-02
3.624218529759581225e-02
5.077036570923083858e-02
3.934950232561466171e-02
2.779427345675427805e-02
2.190142116064083821e-02
2.869568984487904165e-02
3.537944497892944740e-02
2.761460768196021334e-02
3.670743941169712227e-02
5.281219163124499516e-02
4.299590230113426587e-02
2.992655089728129408e-02
2.248383215760629480e-02
2.884528217402623426e-02
2.317741028824528079e-02
1.771084510877673698e-02
2.243735421522243673e-02
3.180565447837635507e-02
3.953507157516007731e-02
2.826950951545547513e-02
2.281504902702510135e-02
3.033546134920560300e-02
3.954261903600279904e-02
3.124958098941166967e-02
4.225336184682019353e-02
6.133785651187469157e-02
7.881228266564670182e-02
5.458675018243383525e-02
4.057858349854400609e-02
5.170050170324014260e-02
3.984305424074177648e-02
3.018659097687424395e-02
3.767050884620096879e-02
5.302889204148157620e-02
4.323152637335522797e-02
3.070272292144420739e-02
2.442042848239981204e-02
3.220662008692080913e-02
4.036602378493666515e-02
3.169595834743652724e-02
4.244239931378541997e-02
6.133785651187469851e-02
7.911069117248688276e-02
5.529759011315007328e-02
4.183071569677224849e-02
5.396362223861649737e-02
4.401480927498828410e-02
3.383247929028444095e-02
4.321807410789402226e-02
6.155523750209260930e-02
7.991756538821803701e-02
5.738115795548191095e-02
4.662109083752308258e-02
6.227776495800785295e-02
8.195361316382666905e-02
6.502300398843326168e-02
8.831655203950763977e-02
1.285735906716392596e-01
