3.884023332806895712e-01
1.583881228327752577e-01
9.237424930516027755e-02
1.006404287981774726e-01
8.579415482401236970e-02
4.038557319989935501e-02
4.833164297584366387e-02
7.537320375149614282e-02
8.420284996019261614e-02
3.574814595895731140e-02
2.240580425014934707e-02
2.803658678505532853e-02
4.128080411700341124e-02
2.333587226042099783e-02
3.403597138799147048e-02
6.443997626254457933e-02
8.373923281438369615e-02
3.476720253431753171e-02
2.063077952313097790e-02
2.380339021309639883e-02
2.027842243325572030e-02
1.037162127946902532e-02
1.334928214455220058e-02
2.333207129132728458e-02
3.938515896058579491e-02
1.816154393156864388e-02
1.244204163571949878e-02
1.873447115863159998e-02
2.753073235462314902e-02
1.853627719792620004e-02
2.944151053974800383e-02
6.283445954534826183e-02
8.373923281438347410e-02
3.451987945348122117e-02
2.027944743932783359e-02
2.282207771567512991e-02
1.905415253913881127e-02
9.342943661244242776e-03
1.153709201338167303e-02
1.913306115884417374e-02
1.976276774228810304e-02
8.764178512013404837e-03
5.725366944883218505e-03
7.964820474573868977e-03
1.121055890661461045e-02
7.116473559263499990e-03
1.091916438081585831e-02
2.259936122156286017e-02
3.894566665365603586e-02
1.694938372240489474e-02
1.041979591618970129e-02
1.357946850892214653e-02
1.096133708879151909e-02
6.490955747830313809e-03
9.155243150247256018e-03
1.836681331558798896e-02
2.578386201123254728e-02
1.329002370294139236e-02
9.897728953662457765e-03
1.748730585087927836e-02
2.352912019128389903e-02
1.829494325951705122e-02
3.031703999288196116e-02
6.964094982846809334e-02
8.420284996019281043e-02
3.461000352181205220e-02
2.027182840144091738e-02
2.259455784290033756e-02
1.890549087425136623e-02
9.137303324638383281e-03
1.114199880625340276e-02
1.809863893493025844e-02
1.877479149015886042e-02
8.169234512988714919e-03
5.230968718183335621e-03
6.961026449038415324e-03
9.887094470222736534e-03
5.991030771040752566e-03
8.995697818390621311e-03
1.803725880821872504e-02
1.976276774228814120e-02
8.438653962096628880e-03
5.105274379654935885e-03
6.346950453754097304e-03
5.175305266618390396e-03
2.899755169914645242e-03
3.947266005301231298e-03
7.579896428194677661e-03
1.072358574516705902e-02
5.358128944535251424e-03
3.891219881228609196e-03
6.619543978890654601e-03
8.959996072645800419e-03
6.778253381073243850e-03
1.111801282051406645e-02
2.525998619415299046e-02
3.938515896058579491e-02
1.677042973351972749e-02
1.004083205055100216e-02
1.230783997345062837e-02
9.649096436805748925e-03
5.226653590273156250e-03
6.882036799292360826e-03
1.282434521559571577e-02
1.072358574516705902e-02
5.214582969986150153e-03
3.661139740381295221e-03
5.989359257305293914e-03
7.735081041730412083e-03
5.752548675845750581e-03
9.304744176927570026e-03
2.105838356602296457e-02
2.578386201123253688e-02
1.209828464411917374e-02
7.792819672207475755e-03
1.174926393560491583e-02
8.735601155342114996e-03
6.024103198419918787e-03
9.107975750802842566e-03
2.010656992515517591e-02
2.227045042818573406e-02
1.283775892004051546e-02
1.019255573646975395e-02
2.008316909541187772e-02
2.495426110632192190e-02
2.141557890753638393e-02
3.624295619416948583e-02
8.678471634924739275e-02
8.579415482401236970e-02
3.521687552853252495e-02
2.060326917491252935e-02
2.286530907792971509e-02
1.917502540547553341e-02
9.212436908894098067e-03
1.117896898527249126e-02
1.799592756725629239e-02
1.890549087425133501e-02
8.169314826570807028e-03
5.195058511741400785e-03
6.795284842604817042e-03
9.721163487694355065e-03
5.777022869754169440e-03
8.599882698410190457e-03
1.698961872230889472e-02
1.905415253913883208e-02
8.051585778555190795e-03
4.832362232346832515e-03
5.845672593685227389e-03
4.827044930193190655e-03
2.614781428090141076e-03
3.485275637689530873e-03
6.485157462007813158e-03
9.649096436805754129e-03
4.685807877322932351e-03
3.332184160624840005e-03
5.450907033252370103e-03
7.542991936738370658e-03
5.507625164503929943e-03
8.942614526844035183e-03
1.997389772109485831e-02
2.027842243325570643e-02
8.538371942666503345e-03
5.075329735244496314e-03
6.044702239783896619e-03
4.827044930193188053e-03
2.527170579029527474e-03
3.255175289689584729e-03
5.854884995776421693e-03
5.175305266618385192e-03
2.440436942745213313e-03
1.672254171762665694e-03
2.608753824968060991e-03
3.433256788997706560e-03
2.446343958758586106e-03
3.900121283518429537e-03
8.646715285694911435e-03
1.096133708879151562e-02
5.055177788979355914e-03
3.219355337636098900e-03
4.710320261004943831e-03
3.542986467207541457e-03
2.372787983322158841e-03
3.538752865457160408e-03
7.695035934167033902e-03
8.735601155342116730e-03
4.954574896397829879e-03
3.894839733108785684e-03
7.572289889754020738e-03
9.456771541336879069e-03
8.035915475058537025e-03
1.356086705594946804e-02
3.236260405218723685e-02
4.128080411700345287e-02
1.739929395563487302e-02
1.031979712732620895e-02
1.228884820958705583e-02
9.721163487694346392e-03
5.058087173168373044e-03
6.464584535174689936e-03
1.154385079964185233e-02
9.887094470222715717e-03
4.591173278243316884e-03
3.092204193502462190e-03
4.689628468486982220e-03
6.155359373259321025e-03
4.272247079583874931e-03
6.730380861350297728e-03
1.473154652987440465e-02
1.121055890661461045e-02
5.102875034257606073e-03
3.210767140457368180e-03
4.576843890979499091e-03
3.433256788997700922e-03
2.236122769702671501e-03
3.279676310173959899e-03
7.027844328601372779e-03
7.735081041730412083e-03
4.356482085333465183e-03
3.399018680526166847e-03
6.570117142663646839e-03
8.130375136327467125e-03
6.908649989035248011e-03
1.163463603270346175e-02
2.779406788114884008e-02
2.753073235462310392e-02
1.238321576409062534e-02
7.629420216128394300e-03
1.052557386852384126e-02
7.542991936738360249e-03
4.644570677319697499e-03
6.539789140245474801e-03
1.354253117857637419e-02
8.959996072645795215e-03
4.847069758444052211e-03
3.642078587892307734e-03
6.769140557774819267e-03
8.130375136327467125e-03
6.770853142446348408e-03
1.128269205990907117e-02
2.681093261714798462e-02
2.352912019128387822e-02
1.197479659105113968e-02
8.050296885471012673e-03
1.363501508363493264e-02
9.456771541336875600e-03
7.281261680037447170e-03
1.145463161688190651e-02
2.662065326279990096e-02
2.495426110632192190e-02
1.561311826988297062e-02
1.288420496000090669e-02
2.696935462710103523e-02
3.189981178687271990e-02
2.894294773810646842e-02
4.946082241664864071e-02
1.209440520865619623e-01
9.237424930516059673e-02
3.789069578895551405e-02
2.215524702616947922e-02
2.453244454525607687e-02
2.060326917491253282e-02
9.869415149300439505e-03
1.194850219605494285e-02
1.914757942079788056e-02
2.027182840144088963e-02
8.732356463489602746e-03
5.536490307286021963e-03
7.184692210317819051e-03
1.031979712732621589e-02
6.076987848882946415e-03
9.010777738009690882e-03
1.767159836826875247e-02
2.027944743932785440e-02
8.534571771026702031e-03
5.106771825403150743e-03
6.110134388259429519e-03
5.075329735244503253e-03
2.711512659641749767e-03
3.583087353587733736e-03
6.574327736309159079e-03
1.004083205055100042e-02
4.815065614159571607e-03
3.392476702524903007e-03
5.446483697596108710e-03
7.629420216128402106e-03
5.472177622512128595e-03
8.841119173409416748e-03
1.956538555855339909e-02
2.063077952313096056e-02
8.627179390270085790e-03
5.106771825403144671e-03
5.972494453123869222e-03
4.832362232346832515e-03
2.476069086077484129e-03
3.145246329219175772e-03
5.519145261705850174e-03
5.105274379654928946e-03
2.358573902839603952e-03
1.590409306328871434e-03
2.395357024353957087e-03
3.210767140457367746e-03
2.210939306109817922e-03
3.485609201461613207e-03
7.587105016018075125e-03
1.041979591618970129e-02
4.717598490340296942e-03
2.970400048987033824e-03
4.200368762122055032e-03
3.219355337636101502e-03
2.081589581128842105e-03
3.056800240928571506e-03
6.513107308722578502e-03
7.792819672207473153e-03
4.307026119558078972e-03
3.337685805414789073e-03
6.340823885014600439e-03
8.050296885471024816e-03
6.701005534184368076e-03
1.125917849899749600e-02
2.665066459930085299e-02
2.240580425014951360e-02
9.372553449350479182e-03
5.536490307286027167e-03
6.465743611448675904e-03
5.195058511741405122e-03
2.644013308783750918e-03
3.332325475929384141e-03
5.798520401820490659e-03
5.230968718183335621e-03
2.381371654262248727e-03
1.579301098028208566e-03
2.310051223560732458e-03
3.092204193502463058e-03
2.070074882320094029e-03
3.221013493093549066e-03
6.906873460939677925e-03
5.725366944883226311e-03
2.557468821130725288e-03
1.590409306328868398e-03
2.185119655762158674e-03
1.672254171762642275e-03
1.047474287278703274e-03
1.508238880248886221e-03
3.154767560274043033e-03
3.661139740381299992e-03
2.003999062345245084e-03
1.537956391524367009e-03
2.896168431300046205e-03
3.642078587892308601e-03
3.026173984426040308e-03
5.069871503808459461e-03
1.200708641552275698e-02
1.244204163571948837e-02
5.537883285491661083e-03
3.392476702524897369e-03
4.583445331569612272e-03
3.332184160624838271e-03
2.006473384487371999e-03
2.793424775632667983e-03
5.694821554949863057e-03
3.891219881228607461e-03
2.069095425653715795e-03
1.537956391524359203e-03
2.808500546323955491e-03
3.399018680526164678e-03
2.790607223798377470e-03
4.631790766349377399e-03
1.094770229573762202e-02
9.897728953662449092e-03
4.990282572284820625e-03
3.337685805414789507e-03
5.586154979777533704e-03
3.894839733108786551e-03
2.967584253438499461e-03
4.649911758243748666e-03
1.076141334776356193e-02
1.019255573646974528e-02
6.338479902518324993e-03
5.214350838306198305e-03
1.087156847684035178e-02
1.288420496000089975e-02
1.165461802963088482e-02
1.990171539558353853e-02
4.861801852589864997e-02
4.833164297584355285e-02
2.023977695844888722e-02
1.194850219605494458e-02
1.397566354249415825e-02
1.117896898527248953e-02
5.685390598197902906e-03
7.150561607352005217e-03
1.242760984854588031e-02
1.114199880625338888e-02
5.051757487881439711e-03
3.332325475929383274e-03
4.830053615050714302e-03
6.464584535174686467e-03
4.284344143645136410e-03
6.635021390647458453e-03
1.414540166390552967e-02
1.153709201338166263e-02
5.100446986926317379e-03
3.145246329219172302e-03
4.223432119721878299e-03
3.255175289689582127e-03
1.984566084245387683e-03
2.814869179027617609e-03
5.782137675060065700e-03
6.882036799292354755e-03
3.690504356082459792e-03
2.793424775632667983e-03
5.153806644198018205e-03
6.539789140245475668e-03
5.342586501237324946e-03
8.908653065157989132e-03
2.096177612274083626e-02
1.334928214455219364e-02
5.886361853573183166e-03
3.583087353587737639e-03
4.743434658608208267e-03
3.485275637689529138e-03
2.049652817193809481e-03
2.814869179027617609e-03
5.638387114458629119e-03
3.947266005301230431e-03
2.058121559823376020e-03
1.508238880248891425e-03
2.695189422687246060e-03
3.279676310173962502e-03
2.646910421648814536e-03
4.368966917866602337e-03
1.026093132492901516e-02
9.155243150247243875e-03
4.589613296283118898e-03
3.056800240928565435e-03
5.076395019175776457e-03
3.538752865457157806e-03
2.678642799531053952e-03
4.182868844718986776e-03
9.657792803649952254e-03
9.107975750802833892e-03
5.659703151776334859e-03
4.649911758243745197e-03
9.691353600008188740e-03
1.145463161688191171e-02
1.037167838041711324e-02
1.770508843181291952e-02
4.327846287885420140e-02
3.403597138799144273e-02
1.491846691398860530e-02
9.010777738009664861e-03
1.173087616608294373e-02
8.599882698410174844e-03
4.924809110200468153e-03
6.635021390647451514e-03
1.300508952643042448e-02
8.995697818390598760e-03
4.528732037784934626e-03
3.221013493093542561e-03
5.506105487673261870e-03
6.730380861350295993e-03
5.229768917893244141e-03
8.517587793931594153e-03
1.970685029169131491e-02
1.091916438081583750e-02
5.332550766993300606e-03
3.485609201461611038e-03
5.572127993756639981e-03
3.900121283518423465e-03
2.845884772405361807e-03
4.368966917866594531e-03
9.934831310965612505e-03
9.304744176927561353e-03
5.694189591167357796e-03
4.631790766349373062e-03
9.554385880572226555e-03
1.128269205990906944e-02
1.015442958082262565e-02
1.729434763092020655e-02
4.220736160480251936e-02
2.944151053974791710e-02
1.398544746672040519e-02
8.841119173409397666e-03
1.340790429492105112e-02
8.942614526844026510e-03
6.065717568215478993e-03
8.908653065157987397e-03
1.956787873564424726e-02
1.111801282051405257e-02
6.480547897748365795e-03
5.069871503808464665e-03
1.007104148307816187e-02
1.163463603270345655e-02
1.024715089706870058e-02
1.729434763092021349e-02
4.195919868870807978e-02
3.031703999288189871e-02
1.631756474901946072e-02
1.125917849899748906e-02
2.032613492997371873e-02
1.356086705594945416e-02
1.105521999833558068e-02
1.770508843181291952e-02
4.208446625638113947e-02
3.624295619416945113e-02
2.368177058913470412e-02
1.990171539558353853e-02
4.281198192599729169e-02
4.946082241664864071e-02
4.603716423472834635e-02
7.898757411403384276e-02
1.949146189803779017e-01
1.583881228327746471e-01
6.485616337850771962e-02
3.789069578895543772e-02
4.175309461778282244e-02
3.521687552853247638e-02
1.677902543960702042e-02
2.023977695844888375e-02
3.216841356951610775e-02
3.461000352181194811e-02
1.483934637217097958e-02
9.372553449350458366e-03
1.202332821337704673e-02
1.739929395563485567e-02
1.011399882927319777e-02
1.491846691398863826e-02
2.894471579327561814e-02
3.451987945348117953e-02
1.446082011621908393e-02
8.627179390270077117e-03
1.019651454874154380e-02
8.538371942666492936e-03
4.494475486576010766e-03
5.886361853573187503e-03
1.063145558663092065e-02
1.677042973351971014e-02
7.935408417619957411e-03
5.537883285491660215e-03
8.707607433581406042e-03
1.238321576409063575e-02
8.703297392149448794e-03
1.398544746672042600e-02
3.060846348308965056e-02
3.476720253431742069e-02
1.446082011621908220e-02
8.534571771026682949e-03
9.839799561728758762e-03
8.051585778555171713e-03
4.057969440284851792e-03
5.100446986926315644e-03
8.770904943067137777e-03
8.438653962096604594e-03
3.838505514210725951e-03
2.557468821130723120e-03
3.743386837491670220e-03
5.102875034257606073e-03
3.414343308615301088e-03
5.332550766993298871e-03
1.141501624955064929e-02
1.694938372240486352e-02
7.560355088079755669e-03
4.717598490340296075e-03
6.478439852290502829e-03
5.055177788979347241e-03
3.168813265413595540e-03
4.589613296283122368e-03
9.588626092011326776e-03
1.209828464411917548e-02
6.526716805869201346e-03
4.990282572284818891e-03
9.261234047494135493e-03
1.197479659105113968e-02
9.753956681439470214e-03
1.631756474901948153e-02
3.827412251470956039e-02
3.574814595895727670e-02
1.483934637217097785e-02
8.732356463489588869e-03
9.994886632819924635e-03
8.169314826570793150e-03
4.065534453475495857e-03
5.051757487881444048e-03
8.544777190186708324e-03
8.169234512988695837e-03
3.646063118520338677e-03
2.381371654262244824e-03
3.349486308977314263e-03
4.591173278243313415e-03
2.951673638233686531e-03
4.528732037784939830e-03
9.468268101751959459e-03
8.764178512013394429e-03
3.838505514210725517e-03
2.358573902839601784e-03
3.109066901764560766e-03
2.440436942745209843e-03
1.461010097775622017e-03
2.058121559823376887e-03
4.171271755161421943e-03
5.214582969986143214e-03
2.753400088844001631e-03
2.069095425653712326e-03
3.756665123824016322e-03
4.847069758444053078e-03
3.896506891909442237e-03
6.480547897748365795e-03
1.513845986604093162e-02
1.816154393156859878e-02
7.935408417619950472e-03
4.815065614159566403e-03
6.259321794428973108e-03
4.685807877322922810e-03
2.706965601930030104e-03
3.690504356082459792e-03
7.287018280478739334e-03
5.358128944535247087e-03
2.753400088843999029e-03
2.003999062345242048e-03
3.522764773237492108e-03
4.356482085333465183e-03
3.459761272052764864e-03
5.694189591167362133e-03
1.327680688693225891e-02
1.329002370294137848e-02
6.526716805869200479e-03
4.307026119558076370e-03
6.958749786491366142e-03
4.954574896397825542e-03
3.653246351796582501e-03
5.659703151776335726e-03
1.291163430576643123e-02
1.283775892004049984e-02
7.791019525007946561e-03
6.338479902518320656e-03
1.299344175158050410e-02
1.561311826988296021e-02
1.390515922080337412e-02
2.368177058913470412e-02
5.752398991894810271e-02
4.038557319989941052e-02
1.677902543960702736e-02
9.869415149300436035e-03
1.131148760648680550e-02
9.212436908894098067e-03
4.582716065283806706e-03
5.685390598197905508e-03
9.608538791285595876e-03
9.137303324638378077e-03
4.065534453475494123e-03
2.644013308783760459e-03
3.690766423737082153e-03
5.058087173168369574e-03
3.223682961579743197e-03
4.924809110200468153e-03
1.023999288150110459e-02
9.342943661244244510e-03
4.057969440284852659e-03
2.476069086077478491e-03
3.199115746317275112e-03
2.527170579029523571e-03
1.476295966652284991e-03
2.049652817193802108e-03
4.077995823671545957e-03
5.226653590273154515e-03
2.706965601930028369e-03
2.006473384487365928e-03
3.565114963904581890e-03
4.644570677319697499e-03
3.666326846920450137e-03
6.065717568215479860e-03
1.406427537446254886e-02
1.037162127946901144e-02
4.494475486576008164e-03
2.711512659641752369e-03
3.457290118350766269e-03
2.614781428090142378e-03
1.476295966652288461e-03
1.984566084245388117e-03
3.844075269221277399e-03
2.899755169914649579e-03
1.461010097775607705e-03
1.047474287278673350e-03
1.796807242109202570e-03
2.236122769702659791e-03
1.740832761521643587e-03
2.845884772405362674e-03
6.583250826268543729e-03
6.490955747830303400e-03
3.168813265413591637e-03
2.081589581128834299e-03
3.333550212950686393e-03
2.372787983322155372e-03
1.736265025051915260e-03
2.678642799531051350e-03
6.093032687761047728e-03
6.024103198419910980e-03
3.653246351796586838e-03
2.967584253438508134e-03
6.081429990183808386e-03
7.281261680037444568e-03
6.493945602598211013e-03
1.105521999833558242e-02
2.687704124957042071e-02
2.333587226042122681e-02
1.011399882927318909e-02
6.076987848882942078e-03
7.721890156979063780e-03
5.777022869754168573e-03
3.223682961579745366e-03
4.284344143645137278e-03
8.210268057405151546e-03
5.991030771040740423e-03
2.951673638233682194e-03
2.070074882320086223e-03
3.439073719691932308e-03
4.272247079583872328e-03
3.234698841180769398e-03
5.229768917893245009e-03
1.196061566603767896e-02
7.116473559263490449e-03
3.414343308615298486e-03
2.210939306109817055e-03
3.442911605993582893e-03
2.446343958758583938e-03
1.740832761521641419e-03
2.646910421648804562e-03
5.948572340512173207e-03
5.752548675845743642e-03
3.459761272052762696e-03
2.790607223798370964e-03
5.685625685373583114e-03
6.770853142446341469e-03
6.029335524483293851e-03
1.024715089706868670e-02
2.491485429356142534e-02
1.853627719792615494e-02
8.703297392149436651e-03
5.472177622512124258e-03
8.145105408270202074e-03
5.507625164503922137e-03
3.666326846920448836e-03
5.342586501237321477e-03
1.161435063902047787e-02
6.778253381073236043e-03
3.896506891909444405e-03
3.026173984426043777e-03
5.943898973194240015e-03
6.908649989035245409e-03
6.029335524483299055e-03
1.015442958082263085e-02
2.455752015451228426e-02
1.829494325951703040e-02
9.753956681439463275e-03
6.701005534184364607e-03
1.197608975963324052e-02
8.035915475058533555e-03
6.493945602598210146e-03
1.037167838041711670e-02
2.457314942234015143e-02
2.141557890753638740e-02
1.390515922080337065e-02
1.165461802963088135e-02
2.497648792499425688e-02
2.894294773810645108e-02
2.684761065020580331e-02
4.603716423472831859e-02
1.134707453930209331e-01
1.006404287981767093e-01
4.175309461778271142e-02
2.453244454525597973e-02
2.799740206999920544e-02
2.286530907792962489e-02
1.131148760648678989e-02
1.397566354249414958e-02
2.344246237002008473e-02
2.259455784290022654e-02
9.994886632819905553e-03
6.465743611448659424e-03
8.909881394430130622e-03
1.228884820958703154e-02
7.721890156979065514e-03
1.173087616608295414e-02
2.415884836573634065e-02
2.282207771567503624e-02
9.839799561728737945e-03
5.972494453123851875e-03
7.581663992041473912e-03
6.044702239783879272e-03
3.457290118350771907e-03
4.743434658608203930e-03
9.276018417739263777e-03
1.230783997345060582e-02
6.259321794428973108e-03
4.583445331569613139e-03
7.968894991939685576e-03
1.052557386852383953e-02
8.145105408270207278e-03
1.340790429492105980e-02
3.081446024133149830e-02
2.380339021309631903e-02
1.019651454874152992e-02
6.110134388259414774e-03
7.581663992041474780e-03
5.845672593685210042e-03
3.199115746317272944e-03
4.223432119721878299e-03
7.950170690513350819e-03
6.346950453754077355e-03
3.109066901764553827e-03
2.185119655762153470e-03
3.608889995204580745e-03
4.576843890979491285e-03
3.442911605993586796e-03
5.572127993756645185e-03
1.269358906713427722e-02
1.357946850892211531e-02
6.478439852290488084e-03
4.200368762122049827e-03
6.497306777774791188e-03
4.710320261004938627e-03
3.333550212950687694e-03
5.076395019175777325e-03
1.136707381224235161e-02
1.174926393560490716e-02
6.958749786491367877e-03
5.586154979777529367e-03
1.124965660068423350e-02
1.363501508363494132e-02
1.197608975963323531e-02
2.032613492997372220e-02
4.914304418860324097e-02
2.803658678505511689e-02
1.202332821337699816e-02
7.184692210317782622e-03
8.909881394430121948e-03
6.795284842604787552e-03
3.690766423737076949e-03
4.830053615050704761e-03
9.022651134842029491e-03
6.961026449038378895e-03
3.349486308977306891e-03
2.310051223560720315e-03
3.708322424121589418e-03
4.689628468486975281e-03
3.439073719691931440e-03
5.506105487673261002e-03
1.240493511710365204e-02
7.964820474573839487e-03
3.743386837491669786e-03
2.395357024353961858e-03
3.608889995204575974e-03
2.608753824968062292e-03
1.796807242109184138e-03
2.695189422687241723e-03
5.959703290440238922e-03
5.989359257305284373e-03
3.522764773237483868e-03
2.808500546323943782e-03
5.627018630489774229e-03
6.769140557774817532e-03
5.943898973194240883e-03
1.007104148307816187e-02
2.436603274358998747e-02
1.873447115863152712e-02
8.707607433581392165e-03
5.446483697596096567e-03
7.968894991939676903e-03
5.450907033252356225e-03
3.565114963904582757e-03
5.153806644198016471e-03
1.109158846548387832e-02
6.619543978890635519e-03
3.756665123824013720e-03
2.896168431300046205e-03
5.627018630489773361e-03
6.570117142663639900e-03
5.685625685373586584e-03
9.554385880572230025e-03
2.303949449904419897e-02
1.748730585087924019e-02
9.261234047494123350e-03
6.340823885014595235e-03
1.124965660068424043e-02
7.572289889754016401e-03
6.081429990183814457e-03
9.691353600008185271e-03
2.291009579889522266e-02
2.008316909541184997e-02
1.299344175158050410e-02
1.087156847684033964e-02
2.324902378322437485e-02
2.696935462710101095e-02
2.497648792499425341e-02
4.281198192599728475e-02
1.054692689529836414e-01
7.537320375149553220e-02
3.216841356951597591e-02
1.914757942079779729e-02
2.344246237002005698e-02
1.799592756725620565e-02
9.608538791285575059e-03
1.242760984854585950e-02
2.281021528967368955e-02
1.809863893493016129e-02
8.544777190186689242e-03
5.798520401820474179e-03
9.022651134842022552e-03
1.154385079964181937e-02
8.210268057405144607e-03
1.300508952643042622e-02
2.885765740467590573e-02
1.913306115884408354e-02
8.770904943067110021e-03
5.519145261705837163e-03
7.950170690513333471e-03
5.854884995776404345e-03
3.844075269221272628e-03
5.638387114458624783e-03
1.214654739211161807e-02
1.282434521559568628e-02
7.287018280478729793e-03
5.694821554949857853e-03
1.109158846548387659e-02
1.354253117857637419e-02
1.161435063902047787e-02
1.956787873564425073e-02
4.694360281986433708e-02
2.333207129132718743e-02
1.063145558663089463e-02
6.574327736309138262e-03
9.276018417739260308e-03
6.485157462007794076e-03
4.077995823671543354e-03
5.782137675060061363e-03
1.214654739211161634e-02
7.579896428194654243e-03
4.171271755161421943e-03
3.154767560274046503e-03
5.959703290440236320e-03
7.027844328601366708e-03
5.948572340512175809e-03
9.934831310965612505e-03
2.377173419790915704e-02
1.836681331558794386e-02
9.588626092011309429e-03
6.513107308722574165e-03
1.136707381224234467e-02
7.695035934167027830e-03
6.093032687761043391e-03
9.657792803649952254e-03
2.271304917903471318e-02
2.010656992515516203e-02
1.291163430576642776e-02
1.076141334776355846e-02
2.291009579889521225e-02
2.662065326279989055e-02
2.457314942234015490e-02
4.208446625638111865e-02
1.035758131384019037e-01
6.443997626254416300e-02
2.894471579327551405e-02
1.767159836826867614e-02
2.415884836573629207e-02
1.698961872230883227e-02
1.023999288150108551e-02
1.414540166390550538e-02
2.885765740467590920e-02
1.803725880821865218e-02
9.468268101751945581e-03
6.906873460939669251e-03
1.240493511710364510e-02
1.473154652987439424e-02
1.196061566603768070e-02
1.970685029169130451e-02
4.644231538724682973e-02
2.259936122156278732e-02
1.141501624955062154e-02
7.587105016018060380e-03
1.269358906713426507e-02
8.646715285694902761e-03
6.583250826268542862e-03
1.026093132492901516e-02
2.377173419790915704e-02
2.105838356602293682e-02
1.327680688693225024e-02
1.094770229573760988e-02
2.303949449904418856e-02
2.681093261714794992e-02
2.455752015451227732e-02
4.195919868870806591e-02
1.030355673712419345e-01
6.283445954534797040e-02
3.060846348308957424e-02
1.956538555855336092e-02
3.081446024133147055e-02
1.997389772109483402e-02
1.406427537446254539e-02
2.096177612274080851e-02
4.694360281986433708e-02
2.525998619415294535e-02
1.513845986604091774e-02
1.200708641552274483e-02
2.436603274358999441e-02
2.779406788114883314e-02
2.491485429356143227e-02
4.220736160480253324e-02
1.030355673712419762e-01
6.964094982846796844e-02
3.827412251470949794e-02
2.665066459930082177e-02
4.914304418860322710e-02
3.236260405218722297e-02
2.687704124957041377e-02
4.327846287885420140e-02
1.035758131384019592e-01
8.678471634924728173e-02
5.752398991894809577e-02
4.861801852589865691e-02
1.054692689529836414e-01
1.209440520865619068e-01
1.134707453930209609e-01
1.949146189803780127e-01
4.823247147899074605e-01
