1.585343082377835555e-01
4.840248507701985781e-02
2.646234897927080693e-02
2.355873331057798531e-02
2.505068583091632495e-02
8.668774430237467798e-03
9.979567145580198889e-03
1.500268432495399651e-02
2.482024279315709486e-02
7.862570213333815172e-03
4.553040830918606008e-03
5.020452330502300775e-03
8.726242737307238206e-03
4.041219244940275068e-03
6.073534676961922507e-03
1.366362376193680506e-02
2.476833139119560823e-02
7.715088079176646296e-03
4.282690689491025493e-03
4.234777310569676212e-03
4.228249099531664057e-03
1.703917213184191759e-03
2.200822079527153807e-03
4.415359859311747404e-03
8.473386302392214853e-03
3.128402741209099919e-03
2.075547446474160663e-03
3.614382209455664803e-03
4.989418053599121473e-03
3.592906357145726499e-03
6.175842037539103734e-03
1.790823717046794925e-02
2.476833139119593782e-02
7.671012011608743103e-03
4.226115734026951974e-03
4.035089678861319973e-03
4.034058722190645915e-03
1.522020290568791697e-03
1.864342914597744930e-03
3.379149842653447582e-03
4.167518427268520308e-03
1.445103984776283839e-03
9.034676601532981577e-04
1.362219999351997005e-03
1.886231989763043808e-03
1.235063802702036570e-03
2.053940704013832667e-03
5.779192699755882415e-03
8.422244099873393147e-03
2.906224667167702815e-03
1.716873139079474336e-03
2.433394541937129035e-03
1.859683618487113950e-03
1.143561117353496682e-03
1.784597824228292785e-03
4.993319502750938506e-03
4.737467801670559343e-03
2.428070012961441870e-03
1.922562065298435768e-03
4.873915812875473895e-03
5.046652023788682391e-03
5.087359333966939672e-03
9.180077650008382217e-03
2.943986788220233353e-02
2.482024279315708445e-02
7.667560275306849714e-03
4.213492569495422280e-03
3.963914466176611875e-03
4.000584936196380573e-03
1.473357653622737974e-03
1.771808161591905588e-03
3.066863609882378942e-03
3.999778839950560334e-03
1.339078220044530396e-03
8.117016943928076446e-04
1.102428743449288158e-03
1.627643002031462036e-03
9.562891893791771944e-04
1.544840314562384836e-03
4.126962372988564158e-03
4.167518427268499491e-03
1.384751870976525532e-03
7.987413272878537756e-04
1.012097222715049524e-03
8.299151121765029754e-04
4.514231798942383448e-04
6.723014047085330023e-04
1.769208779994520123e-03
1.825142875613300917e-03
8.787748221719146689e-04
6.751990350138632529e-04
1.636228589232016683e-03
1.725173948266027100e-03
1.689783542980716202e-03
3.033013933688911545e-03
9.674238644149488892e-03
8.473386302392213118e-03
2.841803423502633954e-03
1.625715542532209061e-03
2.078295052393168765e-03
1.602154455851108762e-03
8.408048556509288085e-04
1.219018835515344075e-03
3.141434082384249836e-03
1.825142875613300700e-03
8.544416517155111477e-04
6.394986360455981976e-04
1.512230406785049913e-03
1.530873557448504110e-03
1.508357525742898535e-03
2.696320154255769930e-03
8.637350834257463694e-03
4.737467801670535925e-03
2.103376088033990371e-03
1.392598007089245523e-03
3.003896435062954669e-03
1.699869404214239457e-03
1.554236432457384645e-03
2.675376644648649275e-03
8.493000366462321107e-03
4.814704865511267202e-03
3.319718884897630579e-03
2.900169050960041926e-03
8.518590124875304037e-03
7.774875813094059632e-03
8.962601687256134542e-03
1.637840750509989354e-02
5.409179482646831599e-02
2.505068583091627984e-02
7.730720914564787570e-03
4.243671114107585435e-03
3.967372154493163314e-03
4.022458521419717756e-03
1.466794476520066892e-03
1.750552066971292715e-03
2.968446108902643432e-03
4.000584936196385777e-03
1.322475348947589396e-03
7.925324957710044166e-04
1.030544367909125465e-03
1.569065253372893976e-03
8.777111655847497822e-04
1.398510758966958235e-03
3.632325745147972022e-03
4.034058722190606884e-03
1.310835042628990610e-03
7.456016900255569083e-04
8.745832049278810458e-04
7.592210674929207852e-04
3.768089212632200224e-04
5.401597253518439267e-04
1.338128010326988457e-03
1.602154455851107244e-03
7.140191206470738019e-04
5.282934500081879316e-04
1.194774601910432096e-03
1.326918138035261888e-03
1.223371067013823968e-03
2.178793122562390407e-03
6.845787596491037866e-03
4.228249099531718701e-03
1.381233180169683366e-03
7.800495154667573842e-04
9.166104268240762940e-04
7.592210674929280494e-04
3.625470550494480832e-04
5.044559130429348854e-04
1.214112873132942947e-03
8.299151121764979881e-04
3.579386653363155835e-04
2.567991443171695350e-04
5.603644230516100638e-04
5.954301307887577364e-04
5.500515383816824118e-04
9.736274800101053610e-04
3.073055544261380639e-03
1.859683618487110481e-03
7.921166077480375949e-04
5.156519525193389028e-04
1.060905627824668346e-03
6.176936259827974949e-04
5.429677731680705765e-04
9.268102787976338760e-04
2.916989028557362244e-03
1.699869404214240541e-03
1.149590383997371908e-03
9.984027719185028724e-04
2.912569899366405403e-03
2.666644971915703433e-03
3.060708568672542741e-03
5.589318023165526159e-03
1.844756272927926613e-02
8.726242737307340555e-03
2.886849078590775306e-03
1.630267603878258510e-03
1.976376962984013018e-03
1.569065253372901999e-03
7.601677920454713794e-04
1.058733718345422061e-03
2.575001242183247354e-03
1.627643002031463554e-03
6.886731655383190528e-04
4.852343276493413298e-04
1.032188073345043219e-03
1.097802107978318280e-03
9.931305776420323514e-04
1.749104849522222557e-03
5.495404971022657854e-03
1.886231989763042507e-03
7.903062344139129280e-04
5.083932560885460897e-04
1.021876629558399890e-03
5.954301307887528575e-04
5.124085200667435804e-04
8.688367601079517331e-04
2.722703235758309939e-03
1.530873557448510182e-03
1.043514739064739690e-03
9.066543341253234479e-04
2.653480774815386491e-03
2.407688964219738183e-03
2.781624474887567974e-03
5.079643085054576235e-03
1.679346441375537471e-02
4.989418053599189128e-03
2.055775053324108721e-03
1.272182456179156689e-03
2.446539829685769052e-03
1.326918138035264707e-03
1.052227829844725902e-03
1.728636901079697377e-03
5.308515561194330351e-03
1.725173948266029269e-03
1.114533543853767376e-03
9.411160542615439138e-04
2.695510285153239916e-03
2.407688964219738617e-03
2.758414804072470330e-03
5.022960869927740879e-03
1.659337927732654205e-02
5.046652023788634686e-03
2.864083874420353740e-03
2.049598109045136767e-03
5.371237225998779646e-03
2.666644971915694759e-03
2.860087631094719758e-03
5.059005826943512030e-03
1.657625168916460057e-02
7.774875813094080448e-03
6.063549180665194285e-03
5.460478730772000584e-03
1.669176035026036925e-02
1.468464122220799507e-02
1.758059738933477265e-02
3.222034532154932629e-02
1.072235334869691276e-01
2.646234897927082774e-02
8.165474253259053308e-03
4.480431936055144851e-03
4.182618034417695183e-03
4.243671114107588037e-03
1.542522479749962143e-03
1.835955427054520878e-03
3.091437461259858698e-03
4.213492569495427484e-03
1.386645653317382983e-03
8.274035060998548340e-04
1.058169820418733680e-03
1.630267603878254824e-03
8.942982117107137066e-04
1.416786421422744097e-03
3.635437133372199179e-03
4.226115734026928555e-03
1.363094666678138283e-03
7.715092280983303465e-04
8.796708893027373926e-04
7.800495154667638894e-04
3.736480126133950538e-04
5.270407673788556589e-04
1.270045318677321322e-03
1.625715542532202556e-03
7.014245040154753769e-04
5.101655013471261728e-04
1.115061352884715029e-03
1.272182456179151051e-03
1.136946320138166417e-03
2.016618669138850201e-03
6.283166542616178303e-03
4.282690689490977788e-03
1.376930518207837269e-03
7.715092280983311054e-04
8.564894711831709225e-04
7.456016900255589682e-04
3.335806874557855901e-04
4.497584766665122229e-04
1.020758452121067880e-03
7.987413272878523662e-04
3.242518544032010853e-04
2.247857014363177446e-04
4.553287792626031370e-04
5.083932560885461981e-04
4.404003653595911310e-04
7.717474471480715355e-04
2.395501387213871611e-03
1.716873139079468265e-03
6.923286787041878785e-04
4.404474547280005947e-04
8.430741242586454456e-04
5.156519525193374934e-04
4.250524551928409759e-04
7.157466694682833959e-04
2.217060839285157296e-03
1.392598007089245957e-03
8.984225370773843682e-04
7.696943599788128379e-04
2.204391964712410640e-03
2.049598109045143706e-03
2.313982629992251960e-03
4.219336126037417228e-03
1.387972398890942836e-02
4.553040830918658050e-03
1.477019398833109322e-03
8.274035060998590624e-04
9.406235909485992147e-04
7.925324957710112471e-04
3.580480220532594716e-04
4.827763284455233563e-04
1.104790542496702967e-03
8.117016943928099214e-04
3.232653341574113657e-04
2.200715477399471903e-04
4.323129549282009841e-04
4.852343276493406793e-04
4.093678892223096086e-04
7.128309141332772299e-04
2.198097438316387511e-03
9.034676601533053134e-04
3.578484288271733356e-04
2.247857014363020508e-04
4.176825272871912895e-04
2.567991443171254622e-04
2.058513843271485885e-04
3.435697023067131139e-04
1.057303069984585290e-03
6.394986360455965713e-04
4.156201908358405739e-04
3.561072236005551018e-04
1.023384095572205978e-03
9.411160542615530211e-04
1.071018380001034515e-03
1.952798020066872807e-03
6.437527686038411155e-03
2.075547446474159795e-03
8.322942672964564774e-04
5.101655013471279075e-04
9.439184762292435107e-04
5.282934500081845706e-04
4.036228921869524830e-04
6.571443205984637062e-04
1.996725638571560189e-03
6.751990350138662887e-04
4.251501155244965515e-04
3.561072236005511987e-04
1.009112250816028913e-03
9.066543341253302784e-04
1.030929039383444079e-03
1.875471983769068244e-03
6.187506531246894301e-03
1.922562065298423408e-03
1.079014452106040424e-03
7.696943599788161989e-04
2.003761984886098194e-03
9.984027719185117628e-04
1.065641641279442510e-03
1.883297322139886303e-03
6.165943876095324877e-03
2.900169050960035421e-03
2.257075744628953863e-03
2.031417000324510155e-03
6.206199189044533417e-03
5.460478730772004921e-03
6.535752318428508963e-03
1.197739221666827697e-02
3.985817063879936589e-02
9.979567145580276952e-03
3.273432143768545410e-03
1.835955427054527384e-03
2.152744702825157286e-03
1.750552066971302907e-03
8.092764521710922847e-04
1.099588282463825201e-03
2.568123631429220823e-03
1.771808161591914045e-03
7.099815797497608305e-04
4.827763284455265547e-04
9.538259390738679797e-04
1.058733718345429000e-03
8.961327351472775848e-04
1.559782710765417451e-03
4.814975588459946554e-03
1.864342914597749050e-03
7.248964340250636578e-04
4.497584766665148250e-04
8.088473394794617024e-04
5.044559130429347770e-04
3.906834912361134863e-04
6.457991655017871488e-04
1.968492277567412269e-03
1.219018835515349713e-03
7.735632194291866331e-04
6.571443205984628388e-04
1.869887584459849856e-03
1.728636901079698028e-03
1.952270569355995600e-03
3.555964817128671150e-03
1.170623640738164065e-02
2.200822079527167685e-03
8.674013519322767898e-04
5.270407673788570684e-04
9.477127479588448936e-04
5.401597253518450109e-04
4.002119096131679711e-04
6.457991655017842215e-04
1.944121483983206637e-03
6.723014047085415675e-04
4.137849596211766240e-04
3.435697023067119755e-04
9.637614500635841019e-04
8.688367601079524920e-04
9.813098784511437283e-04
1.783268868756735567e-03
5.876828914857860214e-03
1.784597824228282810e-03
1.003682535003072758e-03
7.157466694682895758e-04
1.865370637020208376e-03
9.268102787976269371e-04
9.905265260751264234e-04
1.750397453879330711e-03
5.732820186707419940e-03
2.675376644648649275e-03
2.090973496015392265e-03
1.883297322139891941e-03
5.761068997948977193e-03
5.059005826943509428e-03
6.065425587987794895e-03
1.111598797491600635e-02
3.700571894905612530e-02
6.073534676962122868e-03
2.372265744522596923e-03
1.416786421422748217e-03
2.480187791713938782e-03
1.398510758966956067e-03
9.865463168734882066e-04
1.559782710765419186e-03
4.619554619000265649e-03
1.544840314562393076e-03
8.880437025947481499e-04
7.128309141332801573e-04
1.930296580308812036e-03
1.749104849522222773e-03
1.925245524626625687e-03
3.482820036679131273e-03
1.142613384693569670e-02
2.053940704013834835e-03
1.103841397477262195e-03
7.717474471480709934e-04
1.950420011919147979e-03
9.736274800101159862e-04
1.014920607886958103e-03
1.783268868756735133e-03
5.816361207147003470e-03
2.696320154255768629e-03
2.089105596231532851e-03
1.875471983769066292e-03
5.722958793808948473e-03
5.022960869927743481e-03
6.015276948193337171e-03
1.102055613398779735e-02
3.668390466146281143e-02
6.175842037539082049e-03
3.081997248734158219e-03
2.016618669138854538e-03
4.744857517181692332e-03
2.178793122562386504e-03
2.083199501830983007e-03
3.555964817128667247e-03
1.141901916373830837e-02
3.033013933688901570e-03
2.231694650748554647e-03
1.952798020066878011e-03
5.861302733999145843e-03
5.079643085054571898e-03
6.029130595763840771e-03
1.102055613398779214e-02
3.663966484281081654e-02
9.180077650008354462e-03
5.751341457710401790e-03
4.219336126037409422e-03
1.165484136534596614e-02
5.589318023165519220e-03
6.246095535530389251e-03
1.111598797491600635e-02
3.668037956748609191e-02
1.637840750509984844e-02
1.320341577722421514e-02
1.197739221666826483e-02
3.695727631121823592e-02
3.222034532154933323e-02
3.892987203273207825e-02
7.139274157216711492e-02
2.380157863656582884e-01
4.840248507701987862e-02
1.489693159114867903e-02
8.165474253259065451e-03
7.533936467878457090e-03
7.730720914564798846e-03
2.774257025986014581e-03
3.273432143768530232e-03
5.363209306997169731e-03
7.667560275306867928e-03
2.496606116630582968e-03
1.477019398833112574e-03
1.817573924258984296e-03
2.886849078590771403e-03
1.516358084468311454e-03
2.372265744522580010e-03
5.913855463360502725e-03
7.671012011608712745e-03
2.447890484979170413e-03
1.376930518207832715e-03
1.506548774859250463e-03
1.381233180169683366e-03
6.294840195978790168e-04
8.674013519322740793e-04
2.001303772824930202e-03
2.841803423502639158e-03
1.172535660084912234e-03
8.322942672964618984e-04
1.725242414913839058e-03
2.055775053324103516e-03
1.749007756697550445e-03
3.081997248734162555e-03
9.466823768427676603e-03
7.715088079176665378e-03
2.447890484979173883e-03
1.363094666678142620e-03
1.439022353858886508e-03
1.310835042628992779e-03
5.538822251218778522e-04
7.248964340250605137e-04
1.546830949737042172e-03
1.384751870976528351e-03
5.331086355006745643e-04
3.578484288271989769e-04
6.696121249108696102e-04
7.903062344139124944e-04
6.374198004560773607e-04
1.103841397477259593e-03
3.355845839273492379e-03
2.906224667167696743e-03
1.113361742629879244e-03
6.923286787041851680e-04
1.222997569104687177e-03
7.921166077480384623e-04
6.061694973812516802e-04
1.003682535003071023e-03
3.044785484151342220e-03
2.103376088033986901e-03
1.281650942985090901e-03
1.079014452106038255e-03
3.014466487912745730e-03
2.864083874420371521e-03
3.160550211968257434e-03
5.751341457710413066e-03
1.882882075526455534e-02
7.862570213333858540e-03
2.496606116630593376e-03
1.386645653317392091e-03
1.459288976565878502e-03
1.322475348947598286e-03
5.495795717267333569e-04
7.099815797497598547e-04
1.482929207137607648e-03
1.339078220044536251e-03
4.964042773345495171e-04
3.232653341574166783e-04
5.633116466133918868e-04
6.886731655383197034e-04
5.201393128444620076e-04
8.880437025947465236e-04
2.645479504376396611e-03
1.445103984776287742e-03
5.331086355006739138e-04
3.242518544032014648e-04
5.326095328654617935e-04
3.579386653363135235e-04
2.551777071627529293e-04
4.137849596211822618e-04
1.228902658548754407e-03
8.544416517155116898e-04
5.097268920372870866e-04
4.251501155244970394e-04
1.176686292518539260e-03
1.114533543853769111e-03
1.227910121125965620e-03
2.231694650748556382e-03
7.309056174138362123e-03
3.128402741209110761e-03
1.172535660084914619e-03
7.014245040154803643e-04
1.160525693356845387e-03
7.140191206470753197e-04
4.888131050303310549e-04
7.735632194291880426e-04
2.267251024790168257e-03
8.787748221719162952e-04
5.097268920372860024e-04
4.156201908358371044e-04
1.133374313369770164e-03
1.043514739064737955e-03
1.152264441618754002e-03
2.089105596231531550e-03
6.854307217283016687e-03
2.428070012961436232e-03
1.281650942985093937e-03
8.984225370773841514e-04
2.248133995487231092e-03
1.149590383997373642e-03
1.189082919556021982e-03
2.090973496015387494e-03
6.807148808365583517e-03
3.319718884897628411e-03
2.521927230787775805e-03
2.257075744628954730e-03
6.846347620041833872e-03
6.063549180665202959e-03
7.208461258420632324e-03
1.320341577722420993e-02
4.387946387313725743e-02
8.668774430237422696e-03
2.774257025986014147e-03
1.542522479749960191e-03
1.664392979397594707e-03
1.466794476520065808e-03
6.214851790678447164e-04
8.092764521710936942e-04
1.728510375792852724e-03
1.473357653622729951e-03
5.495795717267352000e-04
3.580480220532802882e-04
6.293755830760873558e-04
7.601677920454737647e-04
5.776829920050333914e-04
9.865463168734801835e-04
2.945511185969949559e-03
1.522020290568789312e-03
5.538822251218764427e-04
3.335806874557826628e-04
5.311400207378637241e-04
3.625470550494473243e-04
2.495486772175634299e-04
4.002119096131733379e-04
1.174316203929507514e-03
8.408048556509318443e-04
4.888131050303285612e-04
4.036228921869487968e-04
1.102887888090659484e-03
1.052227829844726986e-03
1.147747512897181283e-03
2.083199501830984741e-03
6.809761381453243237e-03
1.703917213184196963e-03
6.294840195978806431e-04
3.736480126134131600e-04
6.000383818922365876e-04
3.768089212632193177e-04
2.495486772175655441e-04
3.906834912361029154e-04
1.131000849755926492e-03
4.514231798942600288e-04
2.551777071627352026e-04
2.058513843270248268e-04
5.537121058892302593e-04
5.124085200667357742e-04
5.606292668172559949e-04
1.014920607886980221e-03
3.324710337816205816e-03
1.143561117353488659e-03
6.061694973812466929e-04
4.250524551928331696e-04
1.066506726931524792e-03
5.429677731680681912e-04
5.632394687513669245e-04
9.905265260751394338e-04
3.226936345741189711e-03
1.554236432457377923e-03
1.189082919556021332e-03
1.065641641279463109e-03
3.239570721616329835e-03
2.860087631094719758e-03
3.409761888598502374e-03
6.246095535530386648e-03
2.077119103070957512e-02
4.041219244940476296e-03
1.516358084468328151e-03
8.942982117107206455e-04
1.460823637181969063e-03
8.777111655847475054e-04
5.776829920050384872e-04
8.961327351472793195e-04
2.586984250681649555e-03
9.562891893791788207e-04
5.201393128444621160e-04
4.093678892223043503e-04
1.074769221979730328e-03
9.931305776420314840e-04
1.067413389981642811e-03
1.925245524626635228e-03
6.287217689090727514e-03
1.235063802702033968e-03
6.374198004560819144e-04
4.404003653595903178e-04
1.081987537247975240e-03
5.500515383816920612e-04
5.606292668172494897e-04
9.813098784511495830e-04
3.187628630738678377e-03
1.508357525742901354e-03
1.152264441618754002e-03
1.030929039383447115e-03
3.132863112984937866e-03
2.758414804072476835e-03
3.291902044530874410e-03
6.029130595763849444e-03
2.005627188611240619e-02
3.592906357145746448e-03
1.749007756697557167e-03
1.136946320138164249e-03
2.619628848279331040e-03
1.223371067013824184e-03
1.147747512897181717e-03
1.952270569356000587e-03
6.244660746920335445e-03
1.689783542980714467e-03
1.227910121125966704e-03
1.071018380001065957e-03
3.201791160085855001e-03
2.781624474887566673e-03
3.291902044530871808e-03
6.015276948193338039e-03
1.998862258417404697e-02
5.087359333966930131e-03
3.160550211968257434e-03
2.313982629992247190e-03
6.365769938292338212e-03
3.060708568672542308e-03
3.409761888598499772e-03
6.065425587987800099e-03
2.000440163560310985e-02
8.962601687256125868e-03
7.208461258420627987e-03
6.535752318428505493e-03
2.015387738494364700e-02
1.758059738933476571e-02
2.122911781773862555e-02
3.892987203273207825e-02
1.297735685132607730e-01
2.355873331057817960e-02
7.533936467878477906e-03
4.182618034417700387e-03
4.489325675382801507e-03
3.967372154493183263e-03
1.664392979397597960e-03
2.152744702825151648e-03
4.540914570294709088e-03
3.963914466176627488e-03
1.459288976565879152e-03
9.406235909486013831e-04
1.608760659215263417e-03
1.976376962984015620e-03
1.460823637181967978e-03
2.480187791713940083e-03
7.334444765100245171e-03
4.035089678861334718e-03
1.439022353858886941e-03
8.564894711831740667e-04
1.301871202322368078e-03
9.166104268240785708e-04
6.000383818922410328e-04
9.477127479588443515e-04
2.728480309570619714e-03
2.078295052393173102e-03
1.160525693356843652e-03
9.439184762292488233e-04
2.524221923802088315e-03
2.446539829685769486e-03
2.619628848279329739e-03
4.744857517181698403e-03
1.545071487688500465e-02
4.234777310569686620e-03
1.506548774859258269e-03
8.796708893027407536e-04
1.301871202322367428e-03
8.745832049278829973e-04
5.311400207378668683e-04
8.088473394794621360e-04
2.257033753574370742e-03
1.012097222715058632e-03
5.326095328654627693e-04
4.176825272871822364e-04
1.076851399953377688e-03
1.021876629558397505e-03
1.081987537247978059e-03
1.950420011919148846e-03
6.348293015726102356e-03
2.433394541937128602e-03
1.222997569104688261e-03
8.430741242586449035e-04
2.034371888173490579e-03
1.060905627824668780e-03
1.066506726931523057e-03
1.865370637020210328e-03
6.041739508797878792e-03
3.003896435062955537e-03
2.248133995487234128e-03
2.003761984886096460e-03
6.050945913707830165e-03
5.371237225998789187e-03
6.365769938292341681e-03
1.165484136534597481e-02
3.871443501914399038e-02
5.020452330502362358e-03
1.817573924259002294e-03
1.058169820418742788e-03
1.608760659215265152e-03
1.030544367909131970e-03
6.293755830760919094e-04
9.538259390738698228e-04
2.667054707176003386e-03
1.102428743449296615e-03
5.633116466133932963e-04
4.323129549282020141e-04
1.090023936829426611e-03
1.032188073345040617e-03
1.074769221979726642e-03
1.930296580308815940e-03
6.263910329439940743e-03
1.362219999352004595e-03
6.696121249108785006e-04
4.553287792626068775e-04
1.076851399953376821e-03
5.603644230516241585e-04
5.537121058891924207e-04
9.637614500635755367e-04
3.112434721341097391e-03
1.512230406785048395e-03
1.133374313369771248e-03
1.009112250816029130e-03
3.048979024766273506e-03
2.695510285153236013e-03
3.201791160085861506e-03
5.861302733999145843e-03
1.948152172962543810e-02
3.614382209455675211e-03
1.725242414913840793e-03
1.115061352884715680e-03
2.524221923802088749e-03
1.194774601910434915e-03
1.102887888090659700e-03
1.869887584459846604e-03
5.960669567186700421e-03
1.636228589232016683e-03
1.176686292518536875e-03
1.023384095572214218e-03
3.048979024766272205e-03
2.653480774815381287e-03
3.132863112984936999e-03
5.722958793808952810e-03
1.900983416276497487e-02
4.873915812875473895e-03
3.014466487912746163e-03
2.204391964712409772e-03
6.050945913707830165e-03
2.912569899366401933e-03
3.239570721616339376e-03
5.761068997948965917e-03
1.899597382513520255e-02
8.518590124875295364e-03
6.846347620041833004e-03
6.206199189044535151e-03
1.913404205992619983e-02
1.669176035026036578e-02
2.015387738494364006e-02
3.695727631121821510e-02
1.231968430497445421e-01
1.500268432495413182e-02
5.363209306997189681e-03
3.091437461259877346e-03
4.540914570294698679e-03
2.968446108902654274e-03
1.728510375792855760e-03
2.568123631429219955e-03
7.013480657072457096e-03
3.066863609882391085e-03
1.482929207137608299e-03
1.104790542496700582e-03
2.667054707176005988e-03
2.575001242183249522e-03
2.586984250681649555e-03
4.619554619000275190e-03
1.488005239412099924e-02
3.379149842653462760e-03
1.546830949737044341e-03
1.020758452121068314e-03
2.257033753574367706e-03
1.214112873132945115e-03
1.131000849755925842e-03
1.944121483983207721e-03
6.204521454965352886e-03
3.141434082384253739e-03
2.267251024790164788e-03
1.996725638571564525e-03
5.960669567186700421e-03
5.308515561194339025e-03
6.244660746920331976e-03
1.141901916373832225e-02
3.788793357077874235e-02
4.415359859311756945e-03
2.001303772824928901e-03
1.270045318677316334e-03
2.728480309570619280e-03
1.338128010326988674e-03
1.174316203929507731e-03
1.968492277567414003e-03
6.204521454965353754e-03
1.769208779994516870e-03
1.228902658548758310e-03
1.057303069984608709e-03
3.112434721341093054e-03
2.722703235758313408e-03
3.187628630738682280e-03
5.816361207147002603e-03
1.929280664797548839e-02
4.993319502750936771e-03
3.044785484151342220e-03
2.217060839285159030e-03
6.041739508797881394e-03
2.916989028557361811e-03
3.226936345741188410e-03
5.732820186707417338e-03
1.888673081223378111e-02
8.493000366462328046e-03
6.807148808365586119e-03
6.165943876095326612e-03
1.899597382513519561e-02
1.657625168916458322e-02
2.000440163560309598e-02
3.668037956748610579e-02
1.222646288900391398e-01
1.366362376193685883e-02
5.913855463360492316e-03
3.635437133372192240e-03
7.334444765100243437e-03
3.632325745147952940e-03
2.945511185969948691e-03
4.814975588459944819e-03
1.488005239412099404e-02
4.126962372988555484e-03
2.645479504376396611e-03
2.198097438316385342e-03
6.263910329439939875e-03
5.495404971022659589e-03
6.287217689090725779e-03
1.142613384693570017e-02
3.775535253269046709e-02
5.779192699755891088e-03
3.355845839273488042e-03
2.395501387213870743e-03
6.348293015726103224e-03
3.073055544261378471e-03
3.324710337816209720e-03
5.876828914857868888e-03
1.929280664797548839e-02
8.637350834257470633e-03
6.854307217283017555e-03
6.187506531246889964e-03
1.900983416276497140e-02
1.659337927732653858e-02
1.998862258417404003e-02
3.663966484281079572e-02
1.220952399934993882e-01
1.790823717046790761e-02
9.466823768427664459e-03
6.283166542616180038e-03
1.545071487688499945e-02
6.845787596491034396e-03
6.809761381453243237e-03
1.170623640738164412e-02
3.788793357077873541e-02
9.674238644149485422e-03
7.309056174138361256e-03
6.437527686038408553e-03
1.948152172962544504e-02
1.679346441375538165e-02
2.005627188611239925e-02
3.668390466146281143e-02
1.220952399934994159e-01
2.943986788220226067e-02
1.882882075526454493e-02
1.387972398890942489e-02
3.871443501914399732e-02
1.844756272927926613e-02
2.077119103070958553e-02
3.700571894905614612e-02
1.222646288900391953e-01
5.409179482646828824e-02
4.387946387313727131e-02
3.985817063879936589e-02
1.231968430497446254e-01
1.072235334869690998e-01
1.297735685132608285e-01
2.380157863656582329e-01
7.937907330697635544e-01
