9.566175038374438722e-02
7.179735222805000427e-02
5.610020991337374974e-02
6.886927651966123776e-02
5.449102667580474346e-02
4.335332971867089658e-02
5.213414387868892108e-02
6.818977933416547899e-02
5.413107303323799746e-02
4.114127056119801229e-02
3.361567738405182859e-02
4.195491852135768696e-02
5.017712290193464958e-02
4.062940287139830964e-02
5.129230450469626085e-02
6.803287250436808320e-02
5.403680858256002667e-02
4.069958622532189596e-02
3.208774794684050857e-02
3.957073925749111237e-02
3.256555765378356393e-02
2.604928559614108283e-02
3.170369269737026430e-02
4.166016590943510262e-02
4.972347270350269133e-02
3.797688603071119884e-02
3.142885227529956804e-02
3.945257388033644036e-02
4.924702115835927901e-02
4.007704081245888617e-02
5.110144874342201909e-02
6.804717589919771770e-02
5.403680858256004055e-02
4.060269163301715584e-02
3.180212492123504070e-02
3.909697357121075245e-02
3.116049443244552075e-02
2.483230918156112410e-02
2.995720520028681208e-02
3.924013738145622904e-02
3.234236297739806476e-02
2.462217552599990644e-02
2.019477415812734669e-02
2.525399854650269352e-02
3.050507473173019041e-02
2.474568539243642354e-02
3.134009503015484227e-02
4.163014662102561964e-02
4.962921879958755167e-02
3.743806130546526584e-02
2.961619741259925373e-02
3.659335495916715697e-02
3.043534450818598247e-02
2.439630139433749539e-02
2.981277507145214944e-02
3.924547804000098894e-02
4.879357910177612584e-02
3.732651625638262055e-02
3.099953715368079787e-02
3.898459071577974056e-02
4.905770872322593595e-02
3.998722653761801332e-02
5.112410865558412315e-02
6.816417649384803878e-02
5.413107303323801134e-02
4.064359054203758176e-02
3.178172721721483907e-02
3.903527445806154877e-02
3.094201528239472546e-02
2.463144375483017692e-02
2.964962746449770897e-02
3.880021341293017623e-02
3.100707717568685490e-02
2.357930746092457702e-02
1.928807176249972694e-02
2.408846004910975697e-02
2.888141620959990344e-02
2.340018011264034803e-02
2.957041220658251229e-02
3.924122876420255840e-02
3.234236297739808558e-02
2.437355412214065736e-02
1.923788700259090531e-02
2.374082556826417542e-02
1.959675357324473441e-02
1.568730153300855468e-02
1.911835441300551580e-02
2.513878360603840137e-02
3.028205837731980446e-02
2.314268412484841303e-02
1.917647683327754898e-02
2.408915192791337076e-02
3.014357103619906900e-02
2.454642940253943736e-02
3.132956303091685712e-02
4.174023866634285485e-02
4.972347270350268439e-02
3.738197107844352940e-02
2.930994118601682602e-02
3.605741416790263915e-02
2.881267104481811947e-02
2.297838146641510010e-02
2.775749113889558820e-02
3.638271119283648103e-02
3.028205837731979752e-02
2.306968799119712629e-02
1.894882417370741257e-02
2.371494896045359471e-02
2.873809081283936959e-02
2.332977190156699729e-02
2.958252040738781202e-02
3.931942503470776951e-02
4.879357910177612584e-02
3.682808533858569072e-02
2.916515953835579697e-02
3.606034540316244846e-02
3.007483525360774707e-02
2.412443785510270944e-02
2.951753969058748886e-02
3.888044684732234330e-02
4.869845343222549416e-02
3.727455415659039484e-02
3.099048318209348188e-02
3.899755536831418790e-02
4.917373984762901662e-02
4.010433661972574032e-02
5.131720761833653138e-02
6.845245117445054872e-02
5.449102667580519449e-02
4.090358137302666647e-02
3.196924443341140482e-02
3.925321906819936868e-02
3.107497164720584085e-02
2.472851877615787550e-02
2.974721209777684422e-02
3.891563227075400117e-02
3.094201528239478791e-02
2.352156056050547228e-02
1.922634211316165409e-02
2.400148304181356357e-02
2.872659270138395310e-02
2.326565606703402678e-02
2.938138177981290677e-02
3.897793724096390577e-02
3.116049443244557626e-02
2.347422098673210972e-02
1.851399749972177169e-02
2.283708982337311760e-02
1.881051567411893069e-02
1.505049789244353869e-02
1.832551220124687547e-02
2.408604968366860610e-02
2.881267104481813335e-02
2.201087239335914117e-02
1.822333281816774370e-02
2.288140146098798650e-02
2.858254023409136091e-02
2.326570071572672468e-02
2.967549989386809514e-02
3.952354736815691383e-02
3.256555765378364720e-02
2.447453328830475477e-02
1.917692131894301391e-02
2.358184774570512912e-02
1.881051567411893069e-02
1.499463257604377944e-02
1.809785369645771150e-02
2.371182923971767303e-02
1.959675357324474829e-02
1.492288584092684584e-02
1.224586242131087827e-02
1.531834466944088924e-02
1.852266789744812583e-02
1.502985145572692700e-02
1.904339592116597452e-02
2.530192160516677238e-02
3.043534450818599635e-02
2.296425075486608139e-02
1.817391875324527589e-02
2.246157414899371818e-02
1.869948674956789514e-02
1.499339377739089367e-02
1.833104144206075536e-02
2.413690945126751447e-02
3.007483525360774707e-02
2.301226368391581095e-02
1.911990511568191151e-02
2.405118510424126069e-02
3.028731043873420306e-02
2.469322994674090152e-02
3.158123632289783905e-02
4.211559735922568853e-02
5.017712290193478836e-02
3.768242913226126783e-02
2.947668623669304211e-02
3.621318563479784119e-02
2.872659270138396698e-02
2.287410858794026308e-02
2.754683481738307710e-02
3.605727522919818795e-02
2.888141620959992772e-02
2.196857358419715064e-02
1.797958637530625015e-02
2.246109831228873185e-02
2.695727521304955993e-02
2.184750378612437816e-02
2.762039641854903416e-02
3.666219262700434744e-02
3.050507473173021469e-02
2.299467221304979381e-02
1.815794655065490135e-02
2.241489464346264893e-02
1.852266789744812583e-02
1.483226269448157872e-02
1.808621932993548925e-02
2.378826049112490321e-02
2.873809081283937653e-02
2.196860110053632312e-02
1.821287352530035972e-02
2.288556396433622658e-02
2.866291430075325677e-02
2.334712936434037850e-02
2.981078694243254404e-02
3.972562965791507500e-02
4.924702115835932065e-02
3.703133494819649263e-02
2.904558410520319614e-02
3.574116057333703855e-02
2.858254023409136091e-02
2.280105471457853639e-02
2.755586327262321555e-02
3.612713988411370841e-02
3.014357103619907594e-02
2.296989243026551983e-02
1.887597146411220880e-02
2.363050170398566657e-02
2.866291430075325677e-02
2.327495530623960654e-02
2.952491357223864521e-02
3.925142716028010015e-02
4.905770872322593595e-02
3.703499433737357516e-02
2.933985856856163518e-02
3.628525139599211857e-02
3.028731043873419612e-02
2.430108619698720038e-02
2.974626151141310931e-02
3.919033258803643338e-02
4.917373984762902356e-02
3.764610976351323579e-02
3.131124824440639082e-02
3.941022517013718224e-02
4.972397079913271067e-02
4.056155826909946943e-02
5.191747061565658156e-02
6.926483467474750522e-02
5.610020991337418689e-02
4.210764468664878607e-02
3.290487826111933300e-02
4.039742612647796716e-02
3.196924443341136318e-02
2.543695052880092997e-02
3.059287522695626482e-02
4.001741969202950167e-02
3.178172721721487376e-02
2.415694738896914315e-02
1.974092441925796512e-02
2.464037006585907685e-02
2.947668623669302476e-02
2.386990755684322701e-02
3.013812449681702033e-02
3.997735127828044854e-02
3.180212492123507539e-02
2.395462373620168076e-02
1.888844699410644618e-02
2.329545090566316132e-02
1.917692131894301738e-02
1.534117459051180000e-02
1.867417229897287700e-02
2.454085164588344289e-02
2.930994118601684337e-02
2.238769033352901519e-02
1.853037575373992982e-02
2.326333575881753615e-02
2.904558410520318573e-02
2.363926108450275024e-02
3.014561805124369581e-02
4.014507313328457422e-02
3.208774794684051551e-02
2.411225505551596940e-02
1.888844699410644964e-02
2.322331852020055598e-02
1.851399749972176823e-02
1.475561955831035388e-02
1.780384084794306432e-02
2.332290359668371185e-02
1.923788700259091225e-02
1.464715705915902930e-02
1.201553973209490249e-02
1.502732999179601757e-02
1.815794655065489094e-02
1.473123236454889490e-02
1.865973827999208370e-02
2.478850117743441189e-02
2.961619741259928149e-02
2.234301009866158580e-02
1.767752646185881751e-02
2.184430915913488161e-02
1.817391875324528283e-02
1.456935144318865713e-02
1.780706580699911029e-02
2.344333008313253044e-02
2.916515953835580044e-02
2.231295820443261746e-02
1.853371710954845875e-02
2.331001660892073613e-02
2.933985856856162477e-02
2.391723772106656154e-02
3.058218560158501576e-02
4.077844631397029712e-02
3.361567738405184247e-02
2.524193502188268670e-02
1.974092441925796512e-02
2.424882292244364204e-02
1.922634211316165062e-02
1.530682820365880832e-02
1.842852007630862293e-02
2.411836031329345209e-02
1.928807176249973734e-02
1.466910961925187683e-02
1.200176033519355714e-02
1.499052384933734217e-02
1.797958637530625015e-02
1.456900636494356041e-02
1.841367412168290127e-02
2.443806273933856257e-02
2.019477415812735363e-02
1.522049521986794385e-02
1.201553973209490075e-02
1.482973688821161845e-02
1.224586242131086959e-02
9.804110790224373345e-03
1.195088994879576171e-02
1.571598576153429225e-02
1.894882417370741604e-02
1.448293909090081835e-02
1.200317123020441801e-02
1.507996542622125173e-02
1.887597146411220533e-02
1.537271778516744423e-02
1.962381388947152805e-02
2.614705981496280932e-02
3.142885227529958192e-02
2.363018025776431399e-02
1.853037575373992635e-02
2.279869715457457507e-02
1.822333281816774023e-02
1.453494930302618414e-02
1.756122558160622127e-02
2.302045669190369917e-02
1.917647683327755939e-02
1.461068614749327227e-02
1.200317123020442148e-02
1.502407978053803619e-02
1.821287352530035972e-02
1.478699878262839870e-02
1.875322301152469381e-02
2.492804335838599492e-02
3.099953715368081175e-02
2.339969878211667700e-02
1.853371710954846568e-02
2.291787318850082092e-02
1.911990511568189763e-02
1.533867082126439893e-02
1.877099349847950044e-02
2.472747861275588835e-02
3.099048318209348882e-02
2.372275327430624359e-02
1.972652088785974839e-02
2.482580041486789554e-02
3.131124824440639082e-02
2.553869490615559915e-02
3.268319911244123993e-02
4.359967200018840389e-02
5.213414387868944150e-02
3.913746589613315702e-02
3.059287522695633421e-02
3.756687833938104903e-02
2.974721209777689279e-02
2.367441315067912722e-02
2.848392164763820580e-02
3.726650354293904732e-02
2.964962746449778530e-02
2.254135749330299712e-02
1.842852007630863681e-02
2.300816067176404689e-02
2.754683481738309445e-02
2.231264616044677240e-02
2.818238429452239735e-02
3.739077666550672668e-02
2.995720520028688841e-02
2.256993298478313439e-02
1.780384084794308167e-02
2.196369372761978675e-02
1.809785369645771150e-02
1.448209789858101275e-02
1.763701949708710096e-02
2.318366059503008947e-02
2.775749113889560901e-02
2.120704708748133438e-02
1.756122558160622474e-02
2.205268933643669479e-02
2.755586327262321208e-02
2.243249113837069916e-02
2.861715977859571880e-02
3.811743993161684219e-02
3.170369269737036144e-02
2.382904559794353505e-02
1.867417229897289782e-02
2.296626827944778237e-02
1.832551220124689281e-02
1.460984294494090292e-02
1.763701949708709749e-02
2.311061671646506832e-02
1.911835441300553315e-02
1.456026594228566722e-02
1.195088994879577558e-02
1.495134134825396900e-02
1.808621932993549966e-02
1.467753964649150429e-02
1.860041634881409028e-02
2.471590398494960886e-02
2.981277507145217373e-02
2.249675150171131718e-02
1.780706580699911376e-02
2.201081325004096076e-02
1.833104144206075536e-02
1.469981169266306592e-02
1.797573587402373843e-02
2.367163144159233415e-02
2.951753969058749233e-02
2.258816635867215428e-02
1.877099349847949697e-02
2.361498732955426630e-02
2.974626151141310584e-02
2.425466551838107929e-02
3.102479528820962021e-02
4.137708422907478839e-02
5.129230450469637881e-02
3.852294181574629495e-02
3.013812449681705502e-02
3.702935311620331876e-02
2.938138177981293106e-02
2.339794310447897152e-02
2.818238429452240082e-02
3.689263346877399291e-02
2.957041220658254005e-02
2.249486742078069326e-02
1.841367412168290474e-02
2.300599018194109460e-02
2.762039641854903416e-02
2.238735675860847180e-02
2.830735664670296081e-02
3.757741415966794202e-02
3.134009503015486309e-02
2.362628179582629967e-02
1.865973827999209064e-02
2.303688874584291016e-02
1.904339592116598145e-02
1.525103148656498271e-02
1.860041634881407988e-02
2.446706388053788289e-02
2.958252040738782590e-02
2.261634260099843613e-02
1.875322301152469728e-02
2.356713699695604097e-02
2.952491357223865215e-02
2.405170432675537290e-02
3.071475495540531772e-02
4.093363177320357565e-02
5.110144874342203991e-02
3.842875964931802973e-02
3.014561805124371316e-02
3.709829117523646969e-02
2.967549989386810555e-02
2.367535114995593382e-02
2.861715977859572921e-02
3.752195061153339867e-02
3.132956303091688488e-02
2.387584614369263683e-02
1.962381388947153152e-02
2.456930416862615485e-02
2.981078694243255098e-02
2.420945987490291662e-02
3.071475495540532119e-02
4.083657893203009037e-02
5.112410865558413009e-02
3.859798147399418761e-02
3.058218560158502269e-02
3.782518791955875870e-02
3.158123632289783905e-02
2.534171588176624412e-02
3.102479528820960980e-02
4.087818946401196307e-02
5.131720761833653138e-02
3.929020295472347712e-02
3.268319911244124687e-02
4.114064948255344301e-02
5.191747061565658156e-02
4.235428596955858466e-02
5.421793566665374098e-02
7.233870065334560562e-02
7.179735222804990713e-02
5.388758630538059702e-02
4.210764468664873056e-02
5.169332400776280312e-02
4.090358137302659014e-02
3.254410204575298310e-02
3.913746589613308069e-02
5.119198049463109801e-02
4.064359054203757482e-02
3.089127905231340426e-02
2.524193502188266935e-02
3.150491933046371817e-02
3.768242913226124702e-02
3.051320435050657032e-02
3.852294181574626719e-02
5.109730157781178228e-02
4.060269163301714890e-02
3.058211748705927727e-02
2.411225505551595899e-02
2.973635820303575927e-02
2.447453328830474090e-02
1.957796811527972441e-02
2.382904559794351076e-02
3.131350945420491999e-02
3.738197107844352940e-02
2.855182255068100527e-02
2.363018025776430359e-02
2.966396898389760811e-02
3.703133494819647875e-02
3.013696092686309405e-02
3.842875964931801586e-02
5.117349641691625040e-02
4.069958622532188902e-02
3.058211748705927380e-02
2.395462373620167382e-02
2.945042267502942859e-02
2.347422098673208890e-02
1.870769697471739990e-02
2.256993298478310664e-02
2.956474486313640654e-02
2.437355412214065042e-02
1.855618515080433364e-02
1.522049521986793691e-02
1.903431653309427610e-02
2.299467221304977993e-02
1.865396420929478147e-02
2.362628179582628232e-02
3.138460703858946682e-02
3.743806130546526584e-02
2.824247780306511982e-02
2.234301009866158927e-02
2.760773918665954466e-02
2.296425075486607098e-02
1.840835448984121450e-02
2.249675150171131024e-02
2.961568108755263662e-02
3.682808533858569072e-02
2.817397233703620996e-02
2.339969878211667353e-02
2.942820407239193914e-02
3.703499433737356822e-02
3.018845457410046854e-02
3.859798147399416679e-02
5.146440326559822975e-02
4.114127056119806086e-02
3.089127905231340079e-02
2.415694738896913968e-02
2.967135744441301570e-02
2.352156056050546187e-02
1.872510725993017933e-02
2.254135749330297631e-02
2.949919445107990548e-02
2.357930746092458396e-02
1.793152338509367699e-02
1.466910961925188030e-02
1.832071078121477736e-02
2.196857358419714024e-02
1.780000872991733055e-02
2.249486742078068632e-02
2.985268182444909824e-02
2.462217552599990644e-02
1.855618515080434405e-02
1.464715705915902409e-02
1.807632313995902879e-02
1.492288584092684930e-02
1.194637775034375522e-02
1.456026594228565854e-02
1.914608204871364946e-02
2.306968799119712629e-02
1.763138614985276451e-02
1.461068614749326186e-02
1.835446132267418498e-02
2.296989243026551289e-02
1.870551290711039080e-02
2.387584614369261948e-02
3.181070448999698957e-02
3.797688603071119190e-02
2.855182255068100527e-02
2.238769033352901519e-02
2.754264606312573083e-02
2.201087239335913770e-02
1.755460835335082709e-02
2.120704708748132050e-02
2.779784074648383382e-02
2.314268412484840609e-02
1.763138614985276104e-02
1.448293909090082009e-02
1.812655746719940911e-02
2.196860110053631271e-02
1.783498234475253477e-02
2.261634260099842919e-02
3.006138407021338027e-02
3.732651625638262055e-02
2.817397233703620649e-02
2.231295820443260358e-02
2.758923117201768013e-02
2.301226368391580748e-02
1.845996307180668150e-02
2.258816635867215081e-02
2.975412999423145480e-02
3.727455415659039484e-02
2.853148015547856547e-02
2.372275327430624706e-02
2.985315481850693217e-02
3.764610976351322191e-02
3.070386858102075109e-02
3.929020295472346325e-02
5.241099551284953556e-02
4.335332971867059126e-02
3.254410204575296228e-02
2.543695052880091956e-02
3.123377445588173054e-02
2.472851877615785815e-02
1.967901480365035621e-02
2.367441315067910293e-02
3.097227997323122664e-02
2.463144375483018039e-02
1.872510725993018280e-02
1.530682820365881006e-02
1.910935900187685915e-02
2.287410858794026308e-02
1.852653453961309107e-02
2.339794310447896111e-02
3.104130973665962870e-02
2.483230918156113798e-02
1.870769697471741030e-02
1.475561955831035041e-02
1.820194567150359641e-02
1.499463257604378118e-02
1.199794725757064723e-02
1.460984294494090292e-02
1.920318840109083713e-02
2.297838146641510357e-02
1.755460835335083403e-02
1.453494930302618587e-02
1.825107624469203549e-02
2.280105471457853292e-02
1.856047218098744872e-02
2.367535114995592688e-02
3.153331851710567540e-02
2.604928559614108977e-02
1.957796811527972441e-02
1.534117459051180000e-02
1.886587631813758589e-02
1.505049789244354216e-02
1.199794725757064723e-02
1.448209789858100581e-02
1.897527869705694856e-02
1.568730153300855468e-02
1.194637775034375696e-02
9.804110790224369876e-03
1.226458244258378169e-02
1.483226269448157178e-02
1.203592630433634146e-02
1.525103148656497404e-02
2.026402182766951290e-02
2.439630139433749886e-02
1.840835448984121797e-02
1.456935144318865540e-02
1.800744567625893466e-02
1.499339377739089540e-02
1.202240434107017426e-02
1.469981169266306592e-02
1.935640028544445210e-02
2.412443785510270597e-02
1.845996307180668844e-02
1.533867082126441107e-02
1.929558440369627190e-02
2.430108619698720385e-02
1.981348459811174342e-02
2.534171588176624412e-02
3.379593864223567889e-02
4.062940287139829576e-02
3.051320435050657726e-02
2.386990755684322008e-02
2.932622942649506376e-02
2.326565606703402331e-02
1.852653453961309454e-02
2.231264616044676546e-02
2.920715090493928093e-02
2.340018011264034109e-02
1.780000872991733749e-02
1.456900636494356041e-02
1.820126239947313790e-02
2.184750378612438163e-02
1.770708702709721666e-02
2.238735675860846833e-02
2.971717640530433663e-02
2.474568539243642701e-02
1.865396420929478147e-02
1.473123236454889663e-02
1.818565610938371879e-02
1.502985145572692700e-02
1.203592630433634320e-02
1.467753964649149562e-02
1.930573868265718016e-02
2.332977190156700423e-02
1.783498234475253477e-02
1.478699878262839870e-02
1.858159312672347241e-02
2.327495530623959960e-02
1.895921375194143527e-02
2.420945987490290621e-02
3.226245513869750031e-02
4.007704081245888617e-02
3.013696092686310099e-02
2.363926108450275024e-02
2.908974779093030996e-02
2.326570071572672815e-02
1.856047218098744525e-02
2.243249113837069916e-02
2.941126928651150926e-02
2.454642940253944083e-02
1.870551290711039080e-02
1.537271778516744077e-02
1.924569816216035664e-02
2.334712936434038197e-02
1.895921375194144221e-02
2.405170432675536943e-02
3.197626900331126260e-02
3.998722653761802720e-02
3.018845457410047201e-02
2.391723772106656154e-02
2.958016060853893917e-02
2.469322994674089111e-02
1.981348459811173995e-02
2.425466551838107582e-02
3.195636740540275245e-02
4.010433661972573338e-02
3.070386858102075803e-02
2.553869490615560262e-02
3.214575955509908073e-02
4.056155826909948331e-02
3.308862170348126491e-02
4.235428596955856384e-02
5.650788454507483377e-02
6.886927651966127939e-02
5.169332400776285863e-02
4.039742612647801573e-02
4.959779510149246035e-02
3.925321906819940337e-02
3.123377445588175136e-02
3.756687833938104903e-02
4.914154551024969148e-02
3.903527445806159735e-02
2.967135744441303652e-02
2.424882292244365592e-02
3.026832685527448136e-02
3.621318563479784813e-02
2.932622942649507070e-02
3.702935311620329795e-02
4.912001462393674606e-02
3.909697357121080102e-02
2.945042267502944247e-02
2.322331852020056292e-02
2.864293414581307179e-02
2.358184774570513606e-02
1.886587631813759283e-02
2.296626827944778237e-02
3.018253610312900126e-02
3.605741416790266690e-02
2.754264606312573777e-02
2.279869715457458201e-02
2.862309267687817085e-02
3.574116057333704549e-02
2.908974779093030996e-02
3.709829117523646275e-02
4.940561858584559263e-02
3.957073925749114707e-02
2.973635820303576968e-02
2.329545090566315785e-02
2.864293414581306485e-02
2.283708982337312107e-02
1.820194567150360335e-02
2.196369372761977981e-02
2.877345337101555600e-02
2.374082556826419277e-02
1.807632313995903572e-02
1.482973688821161845e-02
1.854782305886319010e-02
2.241489464346264546e-02
1.818565610938372226e-02
2.303688874584290669e-02
3.060448175554933425e-02
3.659335495916717779e-02
2.760773918665955853e-02
2.184430915913487814e-02
2.699445712630786642e-02
2.246157414899372859e-02
1.800744567625894507e-02
2.201081325004096423e-02
2.897881532788161574e-02
3.606034540316245540e-02
2.758923117201768707e-02
2.291787318850082439e-02
2.882525440765752733e-02
3.628525139599212551e-02
2.958016060853893917e-02
3.782518791955875176e-02
5.043795109824322775e-02
4.195491852135774247e-02
3.150491933046373899e-02
2.464037006585908726e-02
3.026832685527449177e-02
2.400148304181357398e-02
1.910935900187685915e-02
2.300816067176403995e-02
3.011318923156498101e-02
2.408846004910977431e-02
1.832071078121479124e-02
1.499052384933734043e-02
1.872448088223748267e-02
2.246109831228873879e-02
1.820126239947314137e-02
2.300599018194108419e-02
3.053403038096732386e-02
2.525399854650270740e-02
1.903431653309427263e-02
1.502732999179601757e-02
1.854782305886319010e-02
1.531834466944089097e-02
1.226458244258377649e-02
1.495134134825396727e-02
1.966259357091741308e-02
2.371494896045360859e-02
1.812655746719941605e-02
1.502407978053803793e-02
1.887613737494788294e-02
2.363050170398566310e-02
1.924569816216036011e-02
2.456930416862614444e-02
3.273769767841596540e-02
3.945257388033644730e-02
2.966396898389760811e-02
2.326333575881754309e-02
2.862309267687817085e-02
2.288140146098798650e-02
1.825107624469202161e-02
2.205268933643668092e-02
2.890936840399055408e-02
2.408915192791338464e-02
1.835446132267418845e-02
1.507996542622125347e-02
1.887613737494787600e-02
2.288556396433621964e-02
1.858159312672347241e-02
2.356713699695603750e-02
3.132819679283859599e-02
3.898459071577973362e-02
2.942820407239194608e-02
2.331001660892073613e-02
2.882525440765752386e-02
2.405118510424126069e-02
1.929558440369627190e-02
2.361498732955426977e-02
3.110979347751510748e-02
3.899755536831419483e-02
2.985315481850692523e-02
2.482580041486789554e-02
3.124451843433261045e-02
3.941022517013717530e-02
3.214575955509908073e-02
4.114064948255344301e-02
5.488367921882882777e-02
6.818977933416586756e-02
5.119198049463115352e-02
4.001741969202957799e-02
4.914154551024969841e-02
3.891563227075406362e-02
3.097227997323124399e-02
3.726650354293905426e-02
4.875869342174651844e-02
3.880021341293023868e-02
2.949919445107992630e-02
2.411836031329346250e-02
3.011318923156498101e-02
3.605727522919820877e-02
2.920715090493928440e-02
3.689263346877399985e-02
4.894862932667617961e-02
3.924013738145627761e-02
2.956474486313642042e-02
2.332290359668371532e-02
2.877345337101554906e-02
2.371182923971767997e-02
1.897527869705694509e-02
2.311061671646506138e-02
3.037978596042604715e-02
3.638271119283649491e-02
2.779784074648383035e-02
2.302045669190369917e-02
2.890936840399055754e-02
3.612713988411371535e-02
2.941126928651151273e-02
3.752195061153339173e-02
4.998000375313388366e-02
4.166016590943516507e-02
3.131350945420494775e-02
2.454085164588345677e-02
3.018253610312899432e-02
2.408604968366861998e-02
1.920318840109083366e-02
2.318366059503008253e-02
3.037978596042604021e-02
2.513878360603841872e-02
1.914608204871365640e-02
1.571598576153429919e-02
1.966259357091742002e-02
2.378826049112489974e-02
1.930573868265719056e-02
2.446706388053788983e-02
3.251253107922472130e-02
3.924547804000099588e-02
2.961568108755264703e-02
2.344333008313253044e-02
2.897881532788161574e-02
2.413690945126751447e-02
1.935640028544445557e-02
2.367163144159234109e-02
3.117349930827089180e-02
3.888044684732235023e-02
2.975412999423144786e-02
2.472747861275590223e-02
3.110979347751510748e-02
3.919033258803643338e-02
3.195636740540274551e-02
4.087818946401197001e-02
5.451993039834224924e-02
6.803287250436819422e-02
5.109730157781180310e-02
3.997735127828047630e-02
4.912001462393673218e-02
3.897793724096392659e-02
3.104130973665963564e-02
3.739077666550672668e-02
4.894862932667618655e-02
3.924122876420257228e-02
2.985268182444910517e-02
2.443806273933856604e-02
3.053403038096732733e-02
3.666219262700434744e-02
2.971717640530434010e-02
3.757741415966794202e-02
4.988476601064065902e-02
4.163014662102564045e-02
3.138460703858945988e-02
2.478850117743440842e-02
3.060448175554933425e-02
2.530192160516677932e-02
2.026402182766951637e-02
2.471590398494960539e-02
3.251253107922472130e-02
3.931942503470778338e-02
3.006138407021337680e-02
2.492804335838599492e-02
3.132819679283858905e-02
3.925142716028010015e-02
3.197626900331126953e-02
4.083657893203009731e-02
5.442455965814894242e-02
6.804717589919777321e-02
5.117349641691625733e-02
4.014507313328458810e-02
4.940561858584562038e-02
3.952354736815692771e-02
3.153331851710566847e-02
3.811743993161684912e-02
4.998000375313388366e-02
4.174023866634286872e-02
3.181070448999699651e-02
2.614705981496281625e-02
3.273769767841597234e-02
3.972562965791508194e-02
3.226245513869750031e-02
4.093363177320358953e-02
5.442455965814894936e-02
6.816417649384808042e-02
5.146440326559822975e-02
4.077844631397030406e-02
5.043795109824322082e-02
4.211559735922570241e-02
3.379593864223569277e-02
4.137708422907478145e-02
5.451993039834225618e-02
6.845245117445057648e-02
5.241099551284953556e-02
4.359967200018842470e-02
5.488367921882884859e-02
6.926483467474751909e-02
5.650788454507484071e-02
7.233870065334560562e-02
9.651805273390205719e-02
