2.847468674700192603e-01
1.443547063222581639e-01
9.072993202265355883e-02
1.117339062784628023e-01
8.410521303304097085e-02
4.961286947602286390e-02
6.166268212417158612e-02
9.784075439944123209e-02
8.216606833667211562e-02
4.364325703284427371e-02
2.992138933767113373e-02
4.089182342441277651e-02
5.364618842031590451e-02
3.600757983728225531e-02
5.200286914101051594e-02
9.171278623464590440e-02
8.152131748530802580e-02
4.217311884943351907e-02
2.712545672482653825e-02
3.488993685388597221e-02
2.709324938458854831e-02
1.696905634564482498e-02
2.233910076694939004e-02
3.761366677665178154e-02
5.114183460222795907e-02
2.878929266489193423e-02
2.115746681202761506e-02
3.169108082297783513e-02
4.384330195473652714e-02
3.194287258021690640e-02
4.861637018194762266e-02
9.038558111907957215e-02
8.152131748530803967e-02
4.178371545305497453e-02
2.650773467432066335e-02
3.338999375591253371e-02
2.502259311940598432e-02
1.518310202227551343e-02
1.932194368973030527e-02
3.159389489224109782e-02
2.630767931607708512e-02
1.439962370018101588e-02
1.018984701125969471e-02
1.463661187575568748e-02
1.925138792054073220e-02
1.358939542340287937e-02
2.019742443764583131e-02
3.689592554030660804e-02
5.050968177796430481e-02
2.694093677999421371e-02
1.781574837732961478e-02
2.423479721300449835e-02
1.887818866947768223e-02
1.260876400005309095e-02
1.741612162028775140e-02
3.089532839937794359e-02
4.141709196878255034e-02
2.444315513262598077e-02
1.874236412540537106e-02
2.975723336629300039e-02
4.077154254480632595e-02
3.125359565838066456e-02
4.868107530870802169e-02
9.319209160466214448e-02
8.216606833667203236e-02
4.194543983251999147e-02
2.649328167970568457e-02
3.308359205751452981e-02
2.472746981012950013e-02
1.482654405664677461e-02
1.865821976522986925e-02
3.013673395543295386e-02
2.460299060874125351e-02
1.327609047924989752e-02
9.240002918105580040e-03
1.296783633749367531e-02
1.691902265527349750e-02
1.167606742064949618e-02
1.711240248257682450e-02
3.080051752721588154e-02
2.630767931607710247e-02
1.384881250171117462e-02
9.036474763456273096e-03
1.200425564292281928e-02
9.267726005944547374e-03
6.025702108016914825e-03
8.146363613973641241e-03
1.416312224472287239e-02
1.848362589267950329e-02
1.073523968523379911e-02
8.101000091718321000e-03
1.262482982934550607e-02
1.722416189533112693e-02
1.301568841735838492e-02
2.011668901778483620e-02
3.822675821719527522e-02
5.114183460222798683e-02
2.670276350796929946e-02
1.717459896168728462e-02
2.240305189631198665e-02
1.656114671901171009e-02
1.046290083597467731e-02
1.371575666268849344e-02
2.330151531375551990e-02
1.848362589267950676e-02
1.049572359247628525e-02
7.679285492546240877e-03
1.161891239777626192e-02
1.515249809552136201e-02
1.123418174168656913e-02
1.709789882149661405e-02
3.220361336434061916e-02
4.141709196878255728e-02
2.272917276755909155e-02
1.536447711334865997e-02
2.186431898342189664e-02
1.687397315403715500e-02
1.181014900897988523e-02
1.679175875811797156e-02
3.077330468974628572e-02
3.900721188606252193e-02
2.381422599972448859e-02
1.873006251746472603e-02
3.082012892770752063e-02
4.156229783427310698e-02
3.288340658050721566e-02
5.182152558759892114e-02
1.009198293506662070e-01
8.410521303304067942e-02
4.284948371024950575e-02
2.701557291953297218e-02
3.359491094651410187e-02
2.512897298562706896e-02
1.498729924747902766e-02
1.877480659075048477e-02
3.015265922964457251e-02
2.472746981012942727e-02
1.326707312268861350e-02
9.177352558548032210e-03
1.275630464100734746e-02
1.663877672416194317e-02
1.136845414009307956e-02
1.656614130953157349e-02
2.960819384623656833e-02
2.502259311940592187e-02
1.307632123066888689e-02
8.475716049584112316e-03
1.110790873361355499e-02
8.573559608024316353e-03
5.486731112394822515e-03
7.330218846585576271e-03
1.257950639757706227e-02
1.656114671901169622e-02
9.497527987565498528e-03
7.086107780020275276e-03
1.087253651894812267e-02
1.487833708674428032e-02
1.108928686114292114e-02
1.703267257149150907e-02
3.211323879254904257e-02
2.709324938458848239e-02
1.404725836117541593e-02
8.983030376652415341e-03
1.156405523854239087e-02
8.573559608024312884e-03
5.333264097644360366e-03
6.908472326978870766e-03
1.157346370524793035e-02
9.267726005944533496e-03
5.190163106876813197e-03
3.747211046069163099e-03
5.563844607195845768e-03
7.253779589989919896e-03
5.287630537604380045e-03
7.977576504553574380e-03
1.487745972041830574e-02
1.887818866947765448e-02
1.027403237920917166e-02
6.896060053282395720e-03
9.687792544473708065e-03
7.473950881628076137e-03
5.163388491061625049e-03
7.277952290961092752e-03
1.322607529878798080e-02
1.687397315403714806e-02
1.021932878176661126e-02
7.984149607596960005e-03
1.303211802380368350e-02
1.759513818152775785e-02
1.383102538152640275e-02
2.173427243950764448e-02
4.218973775526311393e-02
5.364618842031590451e-02
2.772843286134703614e-02
1.765524765979969643e-02
2.257227057216913343e-02
1.663877672416194317e-02
1.024492747054559991e-02
1.313609305892620566e-02
2.179509806969443311e-02
1.691902265527348015e-02
9.352054713762899749e-03
6.647305386199927994e-03
9.679071007890017661e-03
1.249250135709026321e-02
8.944590462871037165e-03
1.334428290010689598e-02
2.462420798338604139e-02
1.925138792054071832e-02
1.036696210470306953e-02
6.881012429025020957e-03
9.496723046865055556e-03
7.253779589989918161e-03
4.915715552757131922e-03
6.823610947264750932e-03
1.224362986766081539e-02
1.515249809552134640e-02
9.090531816142329719e-03
7.031956340580133337e-03
1.136486455918639740e-02
1.525830000617171660e-02
1.191477383379671920e-02
1.864508081150001786e-02
3.608616087343451129e-02
4.384330195473648550e-02
2.331475618145717812e-02
1.518085564766345416e-02
2.043784314902811691e-02
1.487833708674426297e-02
9.729840286346826475e-03
1.304738083722355516e-02
2.281901039713607471e-02
1.722416189533112346e-02
1.006728691324162116e-02
7.539454000569683310e-03
1.182106038440194386e-02
1.525830000617171833e-02
1.168312417850846802e-02
1.802639704878536420e-02
3.458372462727662966e-02
4.077154254480627738e-02
2.286726801635357090e-02
1.569241812980356685e-02
2.303290285968464385e-02
1.759513818152774745e-02
1.269633027289654090e-02
1.835445735904963835e-02
3.429191423971675312e-02
4.156229783427308616e-02
2.595019360778405559e-02
2.071917740513569764e-02
3.483521177000104690e-02
4.639358848112144773e-02
3.742258764407872806e-02
5.934530925706658216e-02
1.167496687716482462e-01
9.072993202265289270e-02
4.617025195150901290e-02
2.908299253201465304e-02
3.607948065881043387e-02
2.701557291953291667e-02
1.606625807216066973e-02
2.008073487460226153e-02
3.214935086666013964e-02
2.649328167970559089e-02
1.417411894705873816e-02
9.777290192267057423e-03
1.352494511185730122e-02
1.765524765979967561e-02
1.200199632897022521e-02
1.744144525474726481e-02
3.105774257622489001e-02
2.650773467432056274e-02
1.380805668008186146e-02
8.925662540541529077e-03
1.162770058397417927e-02
8.983030376652413607e-03
5.708482256884321072e-03
7.587839405760974168e-03
1.294317345117446810e-02
1.717459896168724645e-02
9.790321674245792277e-03
7.266936623280300517e-03
1.106509051216638881e-02
1.518085564766345243e-02
1.123515015556207815e-02
1.720473625034782059e-02
3.230144621518808018e-02
2.712545672482643763e-02
1.400316203452465699e-02
8.925662540541530812e-03
1.139628775358542297e-02
8.475716049584107112e-03
5.222252658775115332e-03
6.717001908921738443e-03
1.115118453196655389e-02
9.036474763456252279e-03
5.016012285633471117e-03
3.592269327591489023e-03
5.267251373818911293e-03
6.881012429025018355e-03
4.956488381248879901e-03
7.434888689881046994e-03
1.376335497239182699e-02
1.781574837732958008e-02
9.624055879155156076e-03
6.422673430056946922e-03
8.917923327476517600e-03
6.896060053282393118e-03
4.706699703997509546e-03
6.584703181523315386e-03
1.186700998168882006e-02
1.536447711334864782e-02
9.223005852579754457e-03
7.157960992705634379e-03
1.157638821482830267e-02
1.569241812980356338e-02
1.223554534434491414e-02
1.916918112800620327e-02
3.704925158193388829e-02
2.992138933767127598e-02
1.540089623153566983e-02
9.777290192267057423e-03
1.240140904833873792e-02
9.177352558548030476e-03
5.599537803323293220e-03
7.132261058085136510e-03
1.172840788773777364e-02
9.240002918105567897e-03
5.064938265513237864e-03
3.572786321272357346e-03
5.137811993111191314e-03
6.647305386199925392e-03
4.701606978537505900e-03
6.971653501409589594e-03
1.276306862717937335e-02
1.018984701125967562e-02
5.445190995857016568e-03
3.592269327591486421e-03
4.895312614606476577e-03
3.747211046069163966e-03
2.505055379469673955e-03
3.446496082118062632e-03
6.123335325302482583e-03
7.679285492546237407e-03
4.560826757714665780e-03
3.500015770715060332e-03
5.595388052580566388e-03
7.539454000569679841e-03
5.831894691522144895e-03
9.091701966974993776e-03
1.750748524629741967e-02
2.115746681202756996e-02
1.119843386654299430e-02
7.266936623280299649e-03
9.705678213803090384e-03
7.086107780020269205e-03
4.593700030772845250e-03
6.123324602997089194e-03
1.063440537692526833e-02
8.101000091718310592e-03
4.701620260301693499e-03
3.500015770715068138e-03
5.441830327894432023e-03
7.031956340580135072e-03
5.345435754006442296e-03
8.220430171822857082e-03
1.570913306750446395e-02
1.874236412540534330e-02
1.046540095747293744e-02
7.157960992705638716e-03
1.044168319016701256e-02
7.984149607596960005e-03
5.727175542432812357e-03
8.250732273996537469e-03
1.536045787311681766e-02
1.873006251746471215e-02
1.164900596696114531e-02
9.274363311611249702e-03
1.553681646863623242e-02
2.071917740513569417e-02
1.666234377148019877e-02
2.639325721968890925e-02
5.184586532191134967e-02
6.166268212417131550e-02
3.168717176151118059e-02
2.008073487460220602e-02
2.538214663472726160e-02
1.877480659075041539e-02
1.140167073706925722e-02
1.446041584064824449e-02
2.366631734572011148e-02
1.865821976522978251e-02
1.017244110683368161e-02
7.132261058085117428e-03
1.016824710231295503e-02
1.313609305892619004e-02
9.210628371403854070e-03
1.358829994715814171e-02
2.473555331698113618e-02
1.932194368973022200e-02
1.025071521408012915e-02
6.717001908921724565e-03
9.037863667790212163e-03
6.908472326978855153e-03
4.551817254777283141e-03
6.195813832192709376e-03
1.088887253708397881e-02
1.371575666268846742e-02
8.057237190670618263e-03
6.123324602997081388e-03
9.668743569311400582e-03
1.304738083722354995e-02
9.986706044395535567e-03
1.549430479135147087e-02
2.966999730190698903e-02
2.233910076694928942e-02
1.175264607792808613e-02
7.587839405760959423e-03
1.002502142507770075e-02
7.330218846585561526e-03
4.692595760292802599e-03
6.195813832192709376e-03
1.064905560708835110e-02
8.146363613973630832e-03
4.677401166812616973e-03
3.446496082118058728e-03
5.287371890840608657e-03
6.823610947264745728e-03
5.127979018015219916e-03
7.839607266745518208e-03
1.488890823691437632e-02
1.741612162028770630e-02
9.672790698981562421e-03
6.584703181523311917e-03
9.530918703195336364e-03
7.277952290961086680e-03
5.181207219931886244e-03
7.425893794720234316e-03
1.376313655744705947e-02
1.679175875811794380e-02
1.040078212513224215e-02
8.250732273996539204e-03
1.376893305533456388e-02
1.835445735904963141e-02
1.471922794914560031e-02
2.328212349967196532e-02
4.567642600729951430e-02
5.200286914101030084e-02
2.719683870399186229e-02
1.744144525474724747e-02
2.277340205610985449e-02
1.656614130953153532e-02
1.043790260026185995e-02
1.358829994715812957e-02
2.303485388946815982e-02
1.711240248257677940e-02
9.650009252476698593e-03
6.971653501409584390e-03
1.043770270821261191e-02
1.334428290010687343e-02
9.813235928164531358e-03
1.481625287391808744e-02
2.780219284187369910e-02
2.019742443764576886e-02
1.106648462596646412e-02
7.434888689881035718e-03
1.053893971477167305e-02
7.977576504553569176e-03
5.557321654688680487e-03
7.839607266745514738e-03
1.433723037362203898e-02
1.709789882149659324e-02
1.047253212618732068e-02
8.220430171822853613e-03
1.356973341013739155e-02
1.802639704878534685e-02
1.434443547299073772e-02
2.259526849308656979e-02
4.417321496264415420e-02
4.861637018194749776e-02
2.620153285717884833e-02
1.720473625034779630e-02
2.366776776092414936e-02
1.703267257149148131e-02
1.139541273974616076e-02
1.549430479135146740e-02
2.757975429640703233e-02
2.011668901778479110e-02
1.197523731670519648e-02
9.091701966974985102e-03
1.455190745086962917e-02
1.864508081150001439e-02
1.453976946614357960e-02
2.259526849308657326e-02
4.378264412626287766e-02
4.868107530870792454e-02
2.768452834314081082e-02
1.916918112800618246e-02
2.865766986224952545e-02
2.173427243950762366e-02
1.596212587447113501e-02
2.328212349967196185e-02
4.395953736421104319e-02
5.182152558759887256e-02
3.278522584320044814e-02
2.639325721968890232e-02
4.490874673810660994e-02
5.934530925706654053e-02
4.839239614938928985e-02
7.699084814773256291e-02
1.523118374945671427e-01
1.443547063222584692e-01
7.335876318157454057e-02
4.617025195150913780e-02
5.712520929103701711e-02
4.284948371024957514e-02
2.540647957335856813e-02
3.168717176151128467e-02
5.056502185162248253e-02
4.194543983251997760e-02
2.238013557840153739e-02
1.540089623153566810e-02
2.120718532454187594e-02
2.772843286134704308e-02
1.875973928069898239e-02
2.719683870399193515e-02
4.825622273647842825e-02
4.178371545305500229e-02
2.170697020407748312e-02
1.400316203452468301e-02
1.815195725689314893e-02
1.404725836117543328e-02
8.875961152196798487e-03
1.175264607792810695e-02
1.994696808002091246e-02
2.670276350796927517e-02
1.514708446967673143e-02
1.119843386654300992e-02
1.694341383286674524e-02
2.331475618145717466e-02
1.715139124176356250e-02
2.620153285717889344e-02
4.901095347836685601e-02
4.217311884943354683e-02
2.170697020407746924e-02
1.380805668008188054e-02
1.753189080059188235e-02
1.307632123066890251e-02
8.005653652677529805e-03
1.025071521408014996e-02
1.691203728754455196e-02
1.384881250171115900e-02
7.642243705451801962e-03
5.445190995857022639e-03
7.916463271108913416e-03
1.036696210470306780e-02
7.405851257901315508e-03
1.106648462596647800e-02
2.037708937482298963e-02
2.694093677999421024e-02
1.447702496163251820e-02
9.624055879155159546e-03
1.325102639795301858e-02
1.027403237920917513e-02
6.950518698094813007e-03
9.672790698981572829e-03
1.732264619939691622e-02
2.272917276755908114e-02
1.355105650923707841e-02
1.046540095747294612e-02
1.680245600054031813e-02
2.286726801635358478e-02
1.771170260715369468e-02
2.768452834314085245e-02
5.331090845058369249e-02
4.364325703284446106e-02
2.238013557840155474e-02
1.417411894705878153e-02
1.785198952109457587e-02
1.326707312268864819e-02
8.030903828210162604e-03
1.017244110683371283e-02
1.659402614194403422e-02
1.327609047924991487e-02
7.225215537958645622e-03
5.064938265513242201e-03
7.204001503540172040e-03
9.352054713762904953e-03
6.542280756650573070e-03
9.650009252476712471e-03
1.753541764502286257e-02
1.439962370018104017e-02
7.642243705451809768e-03
5.016012285633472852e-03
6.757327975277723636e-03
5.190163106876814932e-03
3.426673755203982555e-03
4.677401166812618707e-03
8.231834543254329048e-03
1.049572359247628525e-02
6.172493349986276322e-03
4.701620260301692632e-03
7.434180808403606511e-03
1.006728691324162116e-02
7.710179021073048852e-03
1.197523731670520862e-02
2.293273730953360873e-02
2.878929266489195504e-02
1.514708446967673316e-02
9.790321674245804420e-03
1.294261206973941133e-02
9.497527987565500263e-03
6.088594104698193815e-03
8.057237190670630406e-03
1.386339671610786403e-02
1.073523968523380605e-02
6.172493349986276322e-03
4.560826757714670117e-03
7.010781520129798390e-03
9.090531816142331453e-03
6.839437269987593340e-03
1.047253212618732936e-02
1.989616504525618806e-02
2.444315513262597384e-02
1.355105650923709056e-02
9.223005852579757927e-03
1.331905806947474361e-02
1.021932878176661126e-02
7.258250304651247750e-03
1.040078212513224562e-02
1.924365086180883019e-02
2.381422599972448512e-02
1.470288981320167811e-02
1.164900596696114010e-02
1.937979812361232193e-02
2.595019360778405906e-02
2.073910916505598834e-02
3.278522584320044814e-02
6.419259172220163900e-02
4.961286947602283615e-02
2.540647957335851956e-02
1.606625807216066626e-02
2.017491393861622559e-02
1.498729924747901725e-02
9.035328215081253611e-03
1.140167073706926763e-02
1.852088370975548542e-02
1.482654405664673644e-02
8.030903828210153930e-03
5.599537803323293220e-03
7.902539191160649901e-03
1.024492747054559817e-02
7.110063239533338277e-03
1.043790260026187557e-02
1.886615374850515031e-02
1.518310202227547701e-02
8.005653652677515927e-03
5.222252658775114464e-03
6.952773088087668869e-03
5.333264097644352560e-03
3.473322832640594535e-03
4.692595760292804334e-03
8.171230801906972929e-03
1.046290083597465996e-02
6.088594104698186876e-03
4.593700030772842648e-03
7.174307003998136451e-03
9.729840286346829945e-03
7.373006661291820439e-03
1.139541273974616770e-02
2.169645063300076893e-02
1.696905634564479029e-02
8.875961152196782875e-03
5.708482256884317603e-03
7.465815047939887948e-03
5.486731112394820781e-03
3.473322832640592366e-03
4.551817254777288345e-03
7.747799569572107019e-03
6.025702108016908753e-03
3.426673755203981687e-03
2.505055379469654873e-03
3.796302248410289831e-03
4.915715552757128452e-03
3.652964258675382627e-03
5.557321654688683957e-03
1.048582038232155622e-02
1.260876400005307013e-02
6.950518698094801731e-03
4.706699703997509546e-03
6.739534322696053188e-03
5.163388491061621580e-03
3.636699661191223048e-03
5.181207219931891449e-03
9.537701765378726534e-03
1.181014900897986962e-02
7.258250304651241679e-03
5.727175542432801948e-03
9.486078616047567344e-03
1.269633027289653916e-02
1.011400528238637873e-02
1.596212587447113848e-02
3.120714569960324550e-02
3.600757983728215816e-02
1.875973928069895116e-02
1.200199632897021133e-02
1.556539208178187722e-02
1.136845414009305701e-02
7.110063239533334807e-03
9.210628371403855805e-03
1.550904131997684655e-02
1.167606742064947363e-02
6.542280756650565264e-03
4.701606978537505033e-03
6.978087211687914598e-03
8.944590462871023287e-03
6.523804557757553052e-03
9.813235928164540031e-03
1.832199427372187273e-02
1.358939542340284988e-02
7.405851257901306835e-03
4.956488381248878167e-03
6.968836056655775511e-03
5.287630537604371371e-03
3.652964258675384362e-03
5.127979018015214711e-03
9.326089363376354260e-03
1.123418174168656046e-02
6.839437269987586401e-03
5.345435754006440561e-03
8.770866575573242271e-03
1.168312417850846455e-02
9.247903728563912351e-03
1.453976946614358307e-02
2.834703135563186246e-02
3.194287258021682313e-02
1.715139124176354515e-02
1.123515015556207121e-02
1.536444068286265188e-02
1.108928686114290900e-02
7.373006661291821306e-03
9.986706044395539036e-03
1.769321625634656323e-02
1.301568841735837277e-02
7.710179021073046250e-03
5.831894691522144028e-03
9.284094140791820590e-03
1.191477383379671053e-02
9.247903728563914086e-03
1.434443547299074466e-02
2.772600011051249563e-02
3.125359565838062986e-02
1.771170260715369121e-02
1.223554534434490547e-02
1.820882203803489072e-02
1.383102538152639754e-02
1.011400528238637873e-02
1.471922794914559858e-02
2.772178094189726646e-02
3.288340658050716014e-02
2.073910916505599181e-02
1.666234377148020571e-02
2.827267681876387967e-02
3.742258764407870725e-02
3.044047042995549207e-02
4.839239614938928291e-02
9.561607598398046137e-02
1.117339062784620668e-01
5.712520929103683670e-02
3.607948065881033672e-02
4.515946969448987602e-02
3.359491094651399085e-02
2.017491393861620824e-02
2.538214663472726854e-02
4.106338518162689494e-02
3.308359205751439797e-02
1.785198952109454812e-02
1.240140904833871363e-02
1.739393104352319336e-02
2.257227057216910568e-02
1.556539208178186681e-02
2.277340205610986490e-02
4.097813418132462832e-02
3.338999375591241575e-02
1.753189080059184418e-02
1.139628775358540562e-02
1.505827902212038792e-02
1.156405523854236832e-02
7.465815047939887948e-03
1.002502142507770422e-02
1.733298403054232828e-02
2.240305189631195196e-02
1.294261206973939572e-02
9.705678213803083446e-03
1.502593629415281511e-02
2.043784314902810650e-02
1.536444068286266229e-02
2.366776776092416670e-02
4.485723065065372328e-02
3.488993685388584037e-02
1.815195725689310730e-02
1.162770058397416713e-02
1.505827902212039139e-02
1.110790873361353591e-02
6.952773088087666267e-03
9.037863667790213898e-03
1.522835099554977270e-02
1.200425564292278979e-02
6.757327975277713228e-03
4.895312614606474842e-03
7.318314180626856597e-03
9.496723046865046883e-03
6.968836056655777246e-03
1.053893971477167651e-02
1.973774849325489467e-02
2.423479721300444631e-02
1.325102639795300817e-02
8.917923327476507192e-03
1.261478703966202597e-02
9.687792544473697656e-03
6.739534322696052321e-03
9.530918703195336364e-03
1.740427981786430572e-02
2.186431898342186889e-02
1.331905806947474014e-02
1.044168319016701083e-02
1.714426175996095272e-02
2.303290285968463344e-02
1.820882203803490113e-02
2.865766986224953933e-02
5.580666346435370767e-02
4.089182342441239487e-02
2.120718532454182390e-02
1.352494511185727867e-02
1.739393104352319336e-02
1.275630464100731797e-02
7.902539191160644697e-03
1.016824710231295156e-02
1.697019530806106666e-02
1.296783633749364929e-02
7.204001503540165101e-03
5.137811993111184375e-03
7.533614419511010241e-03
9.679071007890005518e-03
6.978087211687915466e-03
1.043770270821261191e-02
1.934851508306725115e-02
1.463661187575566146e-02
7.916463271108897803e-03
5.267251373818898283e-03
7.318314180626852260e-03
5.563844607195835359e-03
3.796302248410290698e-03
5.287371890840612126e-03
9.534527969967298427e-03
1.161891239777625325e-02
7.010781520129792319e-03
5.441830327894419880e-03
8.847821122883098299e-03
1.182106038440193692e-02
9.284094140791813651e-03
1.455190745086962743e-02
2.825589156041289490e-02
3.169108082297777268e-02
1.694341383286672095e-02
1.106509051216637667e-02
1.502593629415281164e-02
1.087253651894811574e-02
7.174307003998130379e-03
9.668743569311395378e-03
1.703119574218747018e-02
1.262482982934548699e-02
7.434180808403601307e-03
5.595388052580559449e-03
8.847821122883101769e-03
1.136486455918638699e-02
8.770866575573242271e-03
1.356973341013738808e-02
2.615023659011853421e-02
2.975723336629294488e-02
1.680245600054028690e-02
1.157638821482829053e-02
1.714426175996094925e-02
1.303211802380367483e-02
9.486078616047563875e-03
1.376893305533456388e-02
2.586338971607248655e-02
3.082012892770748941e-02
1.937979812361229764e-02
1.553681646863622201e-02
2.629229781275937636e-02
3.483521177000102609e-02
2.827267681876387967e-02
4.490874673810659606e-02
8.863695713868002812e-02
9.784075439944077413e-02
5.056502185162229518e-02
3.214935086666003555e-02
4.106338518162683943e-02
3.015265922964443721e-02
1.852088370975544379e-02
2.366631734572008025e-02
3.917392583694848107e-02
3.013673395543283937e-02
1.659402614194399259e-02
1.172840788773774588e-02
1.697019530806104584e-02
2.179509806969438454e-02
1.550904131997682921e-02
2.303485388946815982e-02
4.234967628827445568e-02
3.159389489224097292e-02
1.691203728754451380e-02
1.115118453196652613e-02
1.522835099554975882e-02
1.157346370524790086e-02
7.747799569572098345e-03
1.064905560708833895e-02
1.894417044855489438e-02
2.330151531375546439e-02
1.386339671610783975e-02
1.063440537692525792e-02
1.703119574218746324e-02
2.281901039713605042e-02
1.769321625634655282e-02
2.757975429640703927e-02
5.319558970951276944e-02
3.761366677665160113e-02
1.994696808002086388e-02
1.294317345117443514e-02
1.733298403054232481e-02
1.257950639757703451e-02
8.171230801906965990e-03
1.088887253708396841e-02
1.894417044855489438e-02
1.416312224472283596e-02
8.231834543254316905e-03
6.123335325302467838e-03
9.534527969967296693e-03
1.224362986766079804e-02
9.326089363376349056e-03
1.433723037362203551e-02
2.743877285310376141e-02
3.089532839937787420e-02
1.732264619939688846e-02
1.186700998168880444e-02
1.740427981786430572e-02
1.322607529878796866e-02
9.537701765378723065e-03
1.376313655744705600e-02
2.571307737596962087e-02
3.077330468974622674e-02
1.924365086180881285e-02
1.536045787311680552e-02
2.586338971607248308e-02
3.429191423971673230e-02
2.772178094189725259e-02
4.395953736421103625e-02
8.660186890593186970e-02
9.171278623464543256e-02
4.825622273647825478e-02
3.105774257622479287e-02
4.097813418132458668e-02
2.960819384623646772e-02
1.886615374850511562e-02
2.473555331698110843e-02
4.234967628827442793e-02
3.080051752721577052e-02
1.753541764502283481e-02
1.276306862717934733e-02
1.934851508306724074e-02
2.462420798338600669e-02
1.832199427372185538e-02
2.780219284187369563e-02
5.253779251761293151e-02
3.689592554030647620e-02
2.037708937482294799e-02
1.376335497239180271e-02
1.973774849325486344e-02
1.487745972041827451e-02
1.048582038232154755e-02
1.488890823691436764e-02
2.743877285310376488e-02
3.220361336434059141e-02
1.989616504525617419e-02
1.570913306750444313e-02
2.615023659011852381e-02
3.458372462727660884e-02
2.772600011051246441e-02
4.378264412626286378e-02
8.592713841305747724e-02
9.038558111907928072e-02
4.901095347836674498e-02
3.230144621518801773e-02
4.485723065065369553e-02
3.211323879254898012e-02
2.169645063300075158e-02
2.966999730190698209e-02
5.319558970951276944e-02
3.822675821719520584e-02
2.293273730953357403e-02
1.750748524629740580e-02
2.825589156041290184e-02
3.608616087343448353e-02
2.834703135563186246e-02
4.417321496264414726e-02
8.592713841305749112e-02
9.319209160466193631e-02
5.331090845058361616e-02
3.704925158193384666e-02
5.580666346435369379e-02
4.218973775526303760e-02
3.120714569960324203e-02
4.567642600729952818e-02
8.660186890593189746e-02
1.009198293506660821e-01
6.419259172220158349e-02
5.184586532191132191e-02
8.863695713868001425e-02
1.167496687716481768e-01
9.561607598398041974e-02
1.523118374945670872e-01
3.019872859882475336e-01
