1.084182402477006230e-01
7.836872447855747215e-02
5.963566428647187889e-02
7.426829290429121100e-02
5.757521843826551855e-02
4.465680422795931248e-02
5.434037825476695227e-02
7.320117524314623259e-02
5.707559915726245769e-02
4.194306793316424087e-02
3.363201254521944183e-02
4.283977280689786615e-02
5.180236680408394079e-02
4.116900792486143101e-02
5.310672154901582842e-02
7.291087260170589501e-02
5.693535533410711696e-02
4.136320322209862538e-02
3.183353458691125931e-02
3.991349471947729100e-02
3.234258853787334159e-02
2.529118542492135580e-02
3.126587193752051325e-02
4.241240016724871775e-02
5.116386073834895687e-02
3.787897026167216102e-02
3.089541785915199401e-02
3.970582709167896213e-02
5.044105347570405906e-02
4.039710720120545662e-02
5.279251591946619582e-02
7.290541945783145239e-02
5.693535533410710309e-02
4.122868616132076280e-02
3.147697419532338031e-02
3.929249165250624232e-02
3.072165437201274801e-02
2.389331231897149146e-02
2.920752413824107691e-02
3.943933093393828943e-02
3.204752454815804757e-02
2.361579995165071291e-02
1.904137613554742967e-02
2.433489091331125787e-02
2.979044320828984002e-02
2.374866004446398934e-02
3.077637761407927414e-02
4.235624401412315526e-02
5.102368921439804500e-02
3.716429853389086047e-02
2.874262443332946393e-02
3.615717972082269777e-02
2.968995158135663212e-02
2.330046127900107372e-02
2.897917645497931349e-02
3.942943383993718909e-02
4.980328114003911011e-02
3.697180387434632898e-02
3.031252282162317374e-02
3.907765288906705353e-02
5.013126207849990384e-02
4.025808781932110891e-02
5.281196415579457459e-02
7.308410367612602765e-02
5.707559915726211769e-02
4.128513884810415535e-02
3.145210890362170469e-02
3.920473053683874720e-02
3.046095582725602199e-02
2.365026826131635951e-02
2.882331782310455087e-02
3.886263679032799651e-02
3.052711490634232513e-02
2.245574938040282090e-02
1.803862990080483050e-02
2.300451041300533711e-02
2.790915570654652067e-02
2.220547081252680077e-02
2.868863810159697630e-02
3.942286594726118060e-02
3.204752454815804064e-02
2.330637126753882724e-02
1.796886838350434876e-02
2.255917794964489020e-02
1.835409214374289846e-02
1.437282062114913182e-02
1.780738807265227694e-02
2.418504653850266084e-02
2.949579761552525992e-02
2.186245877038424379e-02
1.786831246731755696e-02
2.299421425748886250e-02
2.930514766658515180e-02
2.349793597077443758e-02
3.075569822427273031e-02
4.251267145624335747e-02
5.116386073834892911e-02
3.708603363965759514e-02
2.836081905307912682e-02
3.544758043855381763e-02
2.781040075260695840e-02
2.165968669389803716e-02
2.653498375375433135e-02
3.587499627631460242e-02
2.949579761552526339e-02
2.176388337728475328e-02
1.759015447359249876e-02
2.251477423520983553e-02
2.768368815700227720e-02
2.210069407663722146e-02
2.869663191554601075e-02
3.953854014117466620e-02
4.980328114003911011e-02
3.631269528767417515e-02
2.813306177207378772e-02
3.543574696229292303e-02
2.920644867980937837e-02
2.295193117394452725e-02
2.860428870099019152e-02
3.896343531563988688e-02
4.963370835919450608e-02
3.688430495229071127e-02
3.029477978461391982e-02
3.910042826063376414e-02
5.029020069598610226e-02
4.042785240378386769e-02
5.310429258403599750e-02
7.354798458857141064e-02
5.757521843826546304e-02
4.162962126211827013e-02
3.169239171714573894e-02
3.948336093146270070e-02
3.063044668419852637e-02
2.376754523272416736e-02
2.893843351665122479e-02
3.899698464133734971e-02
3.046095582725598730e-02
2.239365053490049995e-02
1.796830380234435906e-02
2.289838700103625363e-02
2.771812629047218715e-02
2.203844915981642560e-02
2.844532101198858284e-02
3.906726173805318003e-02
3.072165437201270985e-02
2.232793829326622584e-02
1.719474434828354228e-02
2.156982903293575699e-02
1.750018570388104863e-02
1.369207414389114925e-02
1.693989161692392373e-02
2.298966710854456405e-02
2.781040075260694105e-02
2.059860664012001102e-02
1.681346503342514426e-02
2.161921806165790702e-02
2.749209656684719130e-02
2.202818118653337293e-02
2.880380867504932912e-02
3.979228000377317553e-02
3.234258853787328608e-02
2.343006944690498652e-02
1.789986350021598518e-02
2.235616462693521683e-02
1.750018570388104516e-02
1.361848001964670665e-02
1.666172492124940591e-02
2.251020012698837572e-02
1.835409214374288112e-02
1.353245207332908623e-02
1.092139069748106033e-02
1.396639971780599086e-02
1.712370832579552388e-02
1.365900746629136395e-02
1.771466404833966016e-02
2.439156775306653216e-02
2.968995158135661130e-02
2.163538872801068144e-02
1.674506383038872059e-02
2.107677627556595740e-02
1.733120107707210311e-02
1.360959192887117170e-02
1.694119790616653229e-02
2.306215125255951445e-02
2.920644867980938530e-02
2.169206815196654536e-02
1.779883484785708264e-02
2.295791734434387762e-02
2.948083796876854387e-02
2.368629640947653159e-02
3.109062286698525968e-02
4.304140885858293714e-02
5.180236680408388528e-02
3.748598883503540674e-02
2.857543212658885182e-02
3.563742849443558847e-02
2.771812629047218715e-02
2.153300831274848615e-02
2.626463546628392612e-02
3.543081546058249320e-02
2.790915570654651026e-02
2.054110430217377659e-02
1.651586146175633429e-02
2.107600843395197529e-02
2.560767383581477943e-02
2.038678786472824037e-02
2.635971863125444528e-02
3.624039223016295441e-02
2.979044320828982267e-02
2.167605481985515614e-02
1.672584387089055130e-02
2.101211416243529626e-02
1.712370832579552041e-02
1.341851223711989366e-02
1.664180068138267771e-02
2.261522410743422445e-02
2.768368815700227373e-02
2.053084000106504894e-02
1.679561937084679546e-02
2.162752062864349567e-02
2.759849779450181465e-02
2.214227815592340401e-02
2.900179854610859809e-02
4.010648181936676132e-02
5.044105347570401743e-02
3.657733610601138913e-02
2.798978629851161734e-02
3.500227919788018865e-02
2.749209656684718436e-02
2.142408467483745624e-02
2.626825033709471666e-02
3.553229441806847466e-02
2.930514766658514139e-02
2.163441607115444698e-02
1.750093701895797868e-02
2.241405334508807939e-02
2.759849779450181811e-02
2.204504684281586094e-02
2.864489330834922229e-02
3.948484478814823229e-02
5.013126207849988997e-02
3.656711500635304035e-02
2.834880709437081689e-02
3.572586540126907600e-02
2.948083796876854040e-02
2.317993854693667366e-02
2.891037952798870478e-02
3.939809645576928393e-02
5.029020069598608839e-02
3.738798716750622864e-02
3.072915891502676564e-02
3.967974363992983478e-02
5.107651378720482610e-02
4.107746901436790110e-02
5.398447913785214825e-02
7.479190301087902670e-02
5.963566428647210788e-02
4.311240661831299698e-02
3.281287990255266074e-02
4.087074698107193843e-02
3.169239171714580833e-02
2.458581539242565839e-02
2.992439052800216492e-02
4.031721934338221291e-02
3.145210890362175327e-02
2.311707838383744718e-02
1.854143232596410298e-02
2.362241493549644897e-02
2.857543212658887263e-02
2.271421101631025674e-02
2.930752807126972906e-02
4.024302660151111294e-02
3.147697419532340807e-02
2.287163170570700316e-02
1.760668561480745187e-02
2.208017533342055902e-02
1.789986350021599906e-02
1.400039345158064427e-02
1.731315105241654217e-02
2.348991952895018373e-02
2.836081905307913376e-02
2.100078962285866976e-02
1.713407712621177123e-02
2.202489617917665482e-02
2.798978629851162775e-02
2.242084669333447439e-02
2.930720773025538919e-02
4.047906522851524302e-02
3.183353458691124543e-02
2.305556080356894674e-02
1.760668561480745187e-02
2.198300601186682288e-02
1.719474434828355616e-02
1.337607876608977800e-02
1.635646746295319962e-02
2.209094080357166742e-02
1.796886838350435917e-02
1.324409838019982057e-02
1.068247110293158580e-02
1.365563252165473071e-02
1.672584387089055477e-02
1.333685732339188156e-02
1.728859881937510473e-02
2.379812698576077787e-02
2.874262443332947087e-02
2.093932204299729302e-02
1.619899936146538405e-02
2.038250565395717875e-02
1.674506383038872406e-02
1.314460942674919308e-02
1.635368974174428516e-02
2.225565069846880892e-02
2.813306177207380507e-02
2.088893186826923723e-02
1.713174415638609935e-02
2.209045350198969929e-02
2.834880709437082383e-02
2.277025803959543265e-02
2.987775299556214709e-02
4.135312927545532757e-02
3.363201254521956673e-02
2.433179180147086382e-02
1.854143232596410992e-02
2.311697443267433580e-02
1.796830380234437641e-02
1.395430081410945281e-02
1.701244920580475758e-02
2.294310586643805161e-02
1.803862990080484785e-02
1.327233702697234140e-02
1.066572655372716866e-02
1.360567097127676935e-02
1.651586146175634123e-02
1.314406958179786984e-02
1.698724311558724720e-02
2.334826659709417912e-02
1.904137613554743313e-02
1.385081621208346901e-02
1.068247110293159795e-02
1.341513090255472794e-02
1.092139069748106033e-02
8.554902690555608868e-03
1.060363595089147161e-02
1.440493505949931238e-02
1.759015447359249529e-02
1.304112597211565076e-02
1.066275734252375255e-02
1.372539258261470420e-02
1.750093701895799256e-02
1.403646024446618401e-02
1.837736593825433501e-02
2.540757804447850779e-02
3.089541785915198707e-02
2.239888414172990991e-02
1.713407712621176776e-02
2.142081068675432201e-02
1.681346503342515120e-02
1.309840509409689914e-02
1.605269250188616839e-02
2.170817878686984517e-02
1.786831246731756390e-02
1.318756858648108092e-02
1.066275734252375776e-02
1.365176929551318447e-02
1.679561937084679546e-02
1.341195484292158867e-02
1.742037049312364708e-02
2.400702120717471827e-02
3.031252282162317027e-02
2.210601682177704835e-02
1.713174415638609588e-02
2.158409597117995696e-02
1.779883484785708958e-02
1.399083532541157450e-02
1.744248438458760597e-02
2.376450902433030477e-02
3.029477978461393370e-02
2.251763870078315327e-02
1.850064268900523251e-02
2.388364605563047388e-02
3.072915891502677951e-02
2.470810758786235947e-02
3.246318650744266926e-02
4.496806383902072352e-02
5.434037825476691758e-02
3.929750465805385146e-02
2.992439052800215799e-02
3.728895651942527173e-02
2.893843351665123520e-02
2.246006067771857961e-02
2.735557280338097794e-02
3.687194691187749979e-02
2.882331782310453699e-02
2.119456127279712235e-02
1.701244920580475758e-02
2.168610031488396941e-02
2.626463546628392612e-02
2.088821598460648479e-02
2.696930682514728228e-02
3.704791331897819284e-02
2.920752413824106650e-02
2.123218902250705378e-02
1.635646746295319268e-02
2.052392071076139871e-02
1.666172492124940591e-02
1.303989911574594471e-02
1.613970641972029343e-02
2.190926013407645812e-02
2.653498375375434523e-02
1.965881299818481726e-02
1.605269250188616839e-02
2.064679857795629833e-02
2.626825033709472706e-02
2.105303655645508060e-02
2.753709461997572161e-02
3.805015060257391224e-02
3.126587193752049937e-02
2.265489433213602188e-02
1.731315105241654217e-02
2.162922150173769362e-02
1.693989161692391679e-02
1.318633853865467179e-02
1.613970641972029343e-02
2.181061268914343335e-02
1.780738807265227000e-02
1.313289730865914440e-02
1.060363595089147334e-02
1.356429124897598308e-02
1.664180068138268465e-02
1.327852032496235068e-02
1.722751618010374616e-02
2.372640938519555640e-02
2.897917645497931002e-02
2.112229082297954405e-02
1.635368974174428169e-02
2.058997966224994716e-02
1.694119790616653229e-02
1.330725531793079501e-02
1.657162747849454804e-02
2.256468740229022191e-02
2.860428870099018805e-02
2.124990283430914020e-02
1.744248438458760944e-02
2.250425715252380582e-02
2.891037952798871172e-02
2.323360490781901933e-02
3.050486828480096155e-02
4.223855705939179306e-02
5.310672154901579373e-02
3.843662058164712403e-02
2.930752807126971865e-02
3.655858868364403325e-02
2.844532101198858978e-02
2.210330315914452518e-02
2.696930682514727534e-02
3.638930524561802965e-02
2.868863810159697977e-02
2.111958741749195290e-02
1.698724311558725067e-02
2.168330188730869384e-02
2.635971863125445222e-02
2.099084392394831924e-02
2.714926441552452038e-02
3.733357159088836891e-02
3.077637761407926026e-02
2.239813371842433107e-02
1.728859881937509432e-02
2.172473685631247028e-02
1.771466404833966016e-02
1.388541320104954083e-02
1.722751618010374269e-02
2.341668013377489616e-02
2.869663191554601075e-02
2.128689199872389748e-02
1.742037049312364708e-02
2.243772857408430146e-02
2.864489330834921535e-02
2.298718037293235109e-02
3.011665563434936035e-02
4.165589584513995636e-02
5.279251591946616806e-02
3.828918116364883606e-02
2.930720773025538572e-02
3.665779569567351182e-02
2.880380867504932912e-02
2.245158114156386303e-02
2.753709461997571467e-02
3.725636343210213947e-02
3.075569822427272684e-02
2.271008059799365167e-02
1.837736593825433848e-02
2.354226626353500898e-02
2.900179854610859115e-02
2.317126664510378575e-02
3.011665563434936729e-02
4.152113521728379580e-02
5.281196415579456765e-02
3.852923881751667279e-02
2.987775299556214362e-02
3.766073468753188686e-02
3.109062286698524927e-02
2.445106430632648653e-02
3.050486828480096849e-02
4.157876832744265144e-02
5.310429258403599057e-02
3.948714196172473101e-02
3.246318650744265538e-02
4.192711439772894150e-02
5.398447913785215518e-02
4.342398219208639526e-02
5.707971276356576390e-02
7.909134430332298571e-02
7.836872447855752766e-02
5.665089956234871382e-02
4.311240661831297616e-02
5.369446304809277759e-02
4.162962126211832564e-02
3.229140847162599581e-02
3.929750465805386533e-02
5.294070148336438297e-02
4.128513884810419005e-02
3.034128923185085841e-02
2.433179180147086035e-02
3.099590878728573917e-02
3.748598883503544144e-02
2.979371985790779317e-02
3.843662058164714485e-02
5.277359259257540652e-02
4.122868616132077668e-02
2.995444659280716362e-02
2.305556080356895368e-02
2.890996203133854026e-02
2.343006944690501081e-02
1.832345102812216187e-02
2.265489433213603576e-02
3.073395245448198171e-02
3.708603363965758820e-02
2.745863587748421236e-02
2.239888414172991338e-02
2.878887621779051276e-02
3.657733610601140994e-02
2.929636890876589211e-02
3.828918116364884994e-02
5.288006056145273803e-02
4.136320322209865313e-02
2.995444659280715669e-02
2.287163170570701010e-02
2.855296132473902210e-02
2.232793829326624666e-02
1.736684724333044383e-02
2.123218902250706072e-02
2.867250744885019992e-02
2.330637126753884111e-02
1.717592731860693306e-02
1.385081621208346554e-02
1.770312343150040948e-02
2.167605481985516655e-02
1.728159145025884649e-02
2.239813371842434148e-02
3.082798535321714870e-02
3.716429853389086740e-02
2.707155433546206552e-02
2.093932204299729302e-02
2.634338077618319715e-02
2.163538872801069532e-02
1.698096038593567905e-02
2.112229082297954405e-02
2.874165683607246558e-02
3.631269528767418209e-02
2.695915621457458181e-02
2.210601682177705182e-02
2.850073451456129267e-02
3.656711500635306117e-02
2.936779530437933286e-02
3.852923881751667279e-02
5.332239285435257797e-02
4.194306793316425475e-02
3.034128923185084800e-02
2.311707838383744371e-02
2.881776612391414097e-02
2.239365053490052077e-02
1.738839735508980466e-02
2.119456127279712235e-02
2.857922870811196309e-02
2.245574938040283478e-02
1.651995214159800857e-02
1.327233702697233793e-02
1.692790199818799968e-02
2.054110430217378352e-02
1.634487743326974371e-02
2.111958741749195984e-02
2.902418119281422251e-02
2.361579995165071985e-02
1.717592731860692959e-02
1.324409838019982230e-02
1.662919835092392662e-02
1.353245207332909317e-02
1.059826211515758898e-02
1.313289730865913919e-02
1.783813525057915614e-02
2.176388337728476022e-02
1.613304833188975232e-02
1.318756858648107919e-02
1.697251284134175184e-02
2.163441607115445045e-02
1.734897649778627607e-02
2.271008059799365167e-02
3.139391432396688303e-02
3.787897026167215409e-02
2.745863587748420889e-02
2.100078962285867323e-02
2.625099502667233020e-02
2.059860664012001796e-02
1.604458157076770267e-02
1.965881299818481032e-02
2.658095852126880765e-02
2.186245877038424726e-02
1.613304833188975579e-02
1.304112597211564556e-02
1.669400757700897561e-02
2.053084000106505241e-02
1.639206086312522404e-02
2.128689199872390095e-02
2.933174976787482346e-02
3.697180387434632898e-02
2.695915621457457140e-02
2.088893186826923723e-02
2.631381028998523719e-02
2.169206815196654536e-02
1.704848672861235953e-02
2.124990283430914367e-02
2.894814339145793461e-02
3.688430495229071820e-02
2.741212881204484544e-02
2.251763870078314980e-02
2.906543191296711084e-02
3.738798716750624945e-02
3.005843607836361162e-02
3.948714196172473795e-02
5.469228115224172154e-02
4.465680422795902799e-02
3.229140847162594030e-02
2.458581539242561328e-02
3.063266819858946263e-02
2.376754523272413960e-02
1.844421268963217231e-02
2.246006067771857267e-02
3.026963967949527351e-02
2.365026826131632828e-02
1.738839735508979426e-02
1.395430081410943893e-02
1.778506401231976647e-02
2.153300831274848268e-02
1.712260449908632742e-02
2.210330315914452171e-02
3.035977025629559706e-02
2.389331231897146024e-02
1.736684724333044383e-02
1.337607876608977106e-02
1.678148249192419270e-02
1.361848001964670665e-02
1.065636058722837370e-02
1.318633853865467005e-02
1.789751172609540045e-02
2.165968669389803369e-02
1.604458157076769920e-02
1.309840509409689394e-02
1.684429119943676653e-02
2.142408467483745971e-02
1.716804864064226319e-02
2.245158114156386997e-02
3.101943626341145330e-02
2.529118542492132457e-02
1.832345102812215146e-02
1.400039345158063560e-02
1.748788660697109948e-02
1.369207414389114578e-02
1.065636058722837023e-02
1.303989911574593603e-02
1.761899775443647245e-02
1.437282062114911968e-02
1.059826211515758725e-02
8.554902690555601930e-03
1.094154259497414142e-02
1.341851223711989713e-02
1.070482569878906075e-02
1.388541320104954083e-02
1.912092697559652360e-02
2.330046127900106678e-02
1.698096038593567558e-02
1.314460942674918961e-02
1.654692321925555626e-02
1.360959192887116649e-02
1.068847713002265762e-02
1.330725531793078634e-02
1.811716930098858022e-02
2.295193117394453419e-02
1.704848672861235606e-02
1.399083532541157103e-02
1.804820300618325407e-02
2.317993854693667713e-02
1.862580323137109917e-02
2.445106430632648653e-02
3.385249061067948512e-02
4.116900792486134775e-02
2.979371985790777583e-02
2.271421101631023939e-02
2.833057220294206424e-02
2.203844915981642907e-02
1.712260449908632395e-02
2.088821598460647092e-02
2.818084574587644345e-02
2.220547081252679036e-02
1.634487743326974718e-02
1.314406958179786290e-02
1.677525635849763316e-02
2.038678786472823690e-02
1.623220677035588574e-02
2.099084392394831577e-02
2.886175059036610521e-02
2.374866004446398240e-02
1.728159145025883955e-02
1.333685732339187462e-02
1.675661888571461020e-02
1.365900746629137262e-02
1.070482569878905554e-02
1.327852032496234895e-02
1.804664584070090824e-02
2.210069407663722146e-02
1.639206086312522750e-02
1.341195484292158693e-02
1.727241920956184076e-02
2.204504684281586094e-02
1.768863544960740455e-02
2.317126664510378575e-02
3.204617150092162192e-02
4.039710720120542192e-02
2.929636890876586783e-02
2.242084669333445704e-02
2.804098858185267995e-02
2.202818118653336599e-02
1.716804864064225625e-02
2.105303655645507366e-02
2.848059438318052347e-02
2.349793597077443064e-02
1.734897649778627260e-02
1.403646024446617360e-02
1.797902219115241410e-02
2.214227815592340401e-02
1.768863544960740108e-02
2.298718037293234762e-02
3.168882554291582720e-02
4.025808781932110197e-02
2.936779530437932592e-02
2.277025803959542571e-02
2.869854980284291743e-02
2.368629640947652465e-02
1.862580323137109570e-02
2.323360490781900892e-02
3.166478213344735282e-02
4.042785240378386075e-02
3.005843607836360468e-02
2.470810758786234906e-02
3.190792582585963433e-02
4.107746901436790804e-02
3.303875747936787372e-02
4.342398219208638832e-02
6.016514413040867371e-02
7.426829290429108610e-02
5.369446304809277065e-02
4.087074698107193149e-02
5.091181393859785936e-02
3.948336093146270070e-02
3.063266819858947998e-02
3.728895651942528561e-02
5.024380855331194579e-02
3.920473053683875414e-02
2.881776612391414791e-02
2.311697443267432886e-02
2.945489672107037479e-02
3.563742849443560234e-02
2.833057220294207812e-02
3.655858868364404018e-02
5.020384657897868086e-02
3.929249165250625619e-02
2.855296132473903598e-02
2.198300601186682288e-02
2.757138328157492449e-02
2.235616462693522377e-02
1.748788660697112030e-02
2.162922150173770749e-02
2.934871987338893290e-02
3.544758043855381763e-02
2.625099502667233367e-02
2.142081068675431507e-02
2.753828687160126201e-02
3.500227919788020947e-02
2.804098858185268689e-02
3.665779569567352569e-02
5.063582443436203534e-02
3.991349471947729100e-02
2.890996203133854026e-02
2.208017533342055555e-02
2.757138328157492449e-02
2.156982903293575699e-02
1.678148249192419270e-02
2.052392071076139524e-02
2.772234048291593103e-02
2.255917794964488673e-02
1.662919835092392315e-02
1.341513090255472967e-02
1.715097900585280111e-02
2.101211416243529626e-02
1.675661888571461713e-02
2.172473685631247028e-02
2.990740514242620773e-02
3.615717972082269083e-02
2.634338077618319715e-02
2.038250565395717528e-02
2.564938988648900187e-02
2.107677627556596781e-02
1.654692321925555973e-02
2.058997966224994022e-02
2.802366400752840520e-02
3.543574696229291610e-02
2.631381028998522678e-02
2.158409597117995696e-02
2.783458393735300726e-02
3.572586540126908294e-02
2.869854980284291743e-02
3.766073468753190073e-02
5.212955481246824008e-02
4.283977280689781064e-02
3.099590878728573223e-02
2.362241493549644897e-02
2.945489672107038173e-02
2.289838700103627098e-02
1.778506401231977688e-02
2.168610031488397288e-02
2.924901244806151282e-02
2.300451041300533364e-02
1.692790199818800315e-02
1.360567097127676588e-02
1.735816287290066137e-02
2.107600843395197529e-02
1.677525635849763663e-02
2.168330188730869038e-02
2.980571528239114171e-02
2.433489091331124746e-02
1.770312343150041295e-02
1.365563252165472724e-02
1.715097900585279764e-02
1.396639971780599607e-02
1.094154259497415183e-02
1.356429124897597961e-02
1.842903131656344409e-02
2.251477423520983900e-02
1.669400757700897214e-02
1.365176929551318100e-02
1.757509598029881673e-02
2.241405334508808286e-02
1.797902219115241756e-02
2.354226626353501245e-02
3.255122534753580876e-02
3.970582709167896213e-02
2.878887621779050235e-02
2.202489617917664788e-02
2.753828687160126201e-02
2.161921806165791049e-02
1.684429119943675959e-02
2.064679857795629139e-02
2.792374792480128987e-02
2.299421425748885556e-02
1.697251284134174837e-02
1.372539258261470073e-02
1.757509598029881326e-02
2.162752062864349914e-02
1.727241920956183729e-02
2.243772857408430146e-02
3.092431892287242357e-02
3.907765288906704659e-02
2.850073451456129267e-02
2.209045350198970276e-02
2.783458393735301073e-02
2.295791734434387416e-02
1.804820300618324713e-02
2.250425715252380582e-02
3.066387645347130181e-02
3.910042826063377108e-02
2.906543191296711084e-02
2.388364605563047041e-02
3.083606728713608053e-02
3.967974363992984865e-02
3.190792582585963433e-02
4.192711439772893456e-02
5.808182456014691214e-02
7.320117524314642687e-02
5.294070148336436216e-02
4.031721934338218516e-02
5.024380855331192497e-02
3.899698464133733583e-02
3.026963967949525269e-02
3.687194691187749979e-02
4.970299754050017116e-02
3.886263679032797569e-02
2.857922870811195268e-02
2.294310586643804120e-02
2.924901244806151629e-02
3.543081546058249320e-02
2.818084574587643651e-02
3.638930524561802965e-02
4.999225725104153306e-02
3.943933093393825473e-02
2.867250744885018604e-02
2.209094080357166048e-02
2.772234048291592756e-02
2.251020012698836531e-02
1.761899775443646551e-02
2.181061268914343335e-02
2.961017695539314154e-02
3.587499627631458854e-02
2.658095852126881112e-02
2.170817878686985211e-02
2.792374792480129334e-02
3.553229441806848854e-02
2.848059438318052694e-02
3.725636343210213253e-02
5.148399649827380131e-02
4.241240016724869000e-02
3.073395245448195395e-02
2.348991952895016638e-02
2.934871987338892596e-02
2.298966710854455364e-02
1.789751172609539351e-02
2.190926013407644771e-02
2.961017695539314848e-02
2.418504653850265043e-02
1.783813525057914920e-02
1.440493505949929677e-02
1.842903131656344062e-02
2.261522410743422445e-02
1.804664584070090824e-02
2.341668013377489269e-02
3.225312641338983627e-02
3.942943383993718215e-02
2.874165683607246558e-02
2.225565069846880545e-02
2.802366400752840173e-02
2.306215125255950751e-02
1.811716930098856981e-02
2.256468740229021844e-02
3.072788613636379118e-02
3.896343531563987300e-02
2.894814339145792420e-02
2.376450902433030823e-02
3.066387645347130181e-02
3.939809645576927005e-02
3.166478213344734588e-02
4.157876832744263756e-02
5.757604948031980890e-02
7.291087260170582562e-02
5.277359259257536489e-02
4.024302660151109212e-02
5.020384657897865310e-02
3.906726173805315228e-02
3.035977025629559012e-02
3.704791331897817896e-02
4.999225725104151918e-02
3.942286594726116672e-02
2.902418119281422251e-02
2.334826659709417218e-02
2.980571528239113477e-02
3.624039223016293360e-02
2.886175059036609827e-02
3.733357159088836891e-02
5.134214301764605803e-02
4.235624401412313444e-02
3.082798535321714870e-02
2.379812698576076746e-02
2.990740514242620426e-02
2.439156775306652175e-02
1.912092697559651666e-02
2.372640938519554946e-02
3.225312641338984321e-02
3.953854014117464538e-02
2.933174976787481306e-02
2.400702120717472521e-02
3.092431892287241663e-02
3.948484478814822535e-02
3.168882554291582720e-02
4.152113521728379580e-02
5.743391107528038331e-02
7.290541945783141076e-02
5.288006056145270334e-02
4.047906522851521527e-02
5.063582443436202840e-02
3.979228000377315472e-02
3.101943626341145677e-02
3.805015060257391224e-02
5.148399649827380131e-02
4.251267145624333665e-02
3.139391432396687609e-02
2.540757804447850779e-02
3.255122534753580182e-02
4.010648181936675438e-02
3.204617150092162192e-02
4.165589584513994942e-02
5.743391107528039025e-02
7.308410367612597214e-02
5.332239285435256410e-02
4.135312927545533451e-02
5.212955481246823314e-02
4.304140885858292326e-02
3.385249061067948512e-02
4.223855705939179306e-02
5.757604948031982278e-02
7.354798458857136900e-02
5.469228115224170766e-02
4.496806383902073045e-02
5.808182456014691908e-02
7.479190301087901283e-02
6.016514413040867371e-02
7.909134430332298571e-02
1.095972143365107898e-01
