1.551199553520670738e-01
9.988515075652859565e-02
7.062690232774826438e-02
9.022199155460813857e-02
6.697139940650831402e-02
4.798003490450997166e-02
5.974530922352461193e-02
8.699079720586988529e-02
6.593618694898728538e-02
4.373605355083154400e-02
3.324299014438500399e-02
4.447538050414598376e-02
5.514637380780344073e-02
4.162726064756412658e-02
5.666225310771461077e-02
8.582517090672439619e-02
6.560514337041396804e-02
4.270922577790732533e-02
3.074865769546348063e-02
3.994065769840482449e-02
3.121918945161649209e-02
2.284397609775313739e-02
2.929355245492229129e-02
4.342998995580684557e-02
5.378937429786703750e-02
3.638304525597136491e-02
2.858444831654627025e-02
3.920578556886489263e-02
5.180079265225142476e-02
3.994917191369153076e-02
5.569873840875571441e-02
8.564107148044511342e-02
6.560514337041398192e-02
4.244600017235555800e-02
3.020116876346754659e-02
3.885386737341956637e-02
2.911603536024198746e-02
2.103664921678763747e-02
2.646328320863641087e-02
3.882363131766616848e-02
3.068509985298677190e-02
2.053216034584371893e-02
1.580926186687357446e-02
2.139039286774971349e-02
2.698462456966195522e-02
2.058764119389940722e-02
2.832105016911174236e-02
4.323510089301524362e-02
5.345938137299496851e-02
3.509334501873526135e-02
2.555538028339147949e-02
3.358615825950123784e-02
2.676695176273051480e-02
1.984104913832844194e-02
2.583187857723197312e-02
3.870016013152449003e-02
5.045129529391891021e-02
3.444993785237882022e-02
2.741977161591462389e-02
3.802415503441772260e-02
5.087250029930028006e-02
3.960710349242523021e-02
5.569393594395388031e-02
8.619694813546219248e-02
6.593618694898727151e-02
4.255595091525895407e-02
3.016984318760227921e-02
3.867029454376948866e-02
2.876980002923684374e-02
2.069153878752527653e-02
2.587458307406660662e-02
3.780714272168632373e-02
2.879909431876860951e-02
1.917551161133728213e-02
1.464916648791364344e-02
1.969522381218411292e-02
2.454002972527789123e-02
1.861276562496127357e-02
2.544523054438553242e-02
3.868087487705020033e-02
3.068509985298677190e-02
2.005652865848740751e-02
1.451212714743654007e-02
1.895670794074037421e-02
1.491282328684320584e-02
1.098003244201433727e-02
1.417579377001258745e-02
2.112492189733339298e-02
2.645309766982008662e-02
1.798298921870895156e-02
1.421876631442063957e-02
1.961682098433260857e-02
2.603198126094853973e-02
2.018216470966530812e-02
2.826173695508693920e-02
4.361722092904864179e-02
5.378937429786699587e-02
3.493882563350894643e-02
2.497517092037380287e-02
3.231220687280580983e-02
2.432820203660607944e-02
1.768982554268906660e-02
2.240930739749423875e-02
3.305946984262015526e-02
2.645309766982009009e-02
1.780359606799687341e-02
1.381488647884950537e-02
1.882609637878574285e-02
2.392799787895892941e-02
1.837694459012002499e-02
2.543024898784154025e-02
3.900881996286918035e-02
5.045129529391887552e-02
3.326635265953438447e-02
2.435533066594222293e-02
3.220052433463656966e-02
2.582088188995685860e-02
1.925950441296045770e-02
2.523855658317180825e-02
3.799770247098386428e-02
4.985533382568761718e-02
3.420078694642735007e-02
2.737397615705666060e-02
3.815695975309429944e-02
5.120434782782532640e-02
4.004665312998402504e-02
5.651282086166713181e-02
8.773945569173063896e-02
6.697139940650774503e-02
4.317701418831604299e-02
3.056825434603474556e-02
3.911788783002866088e-02
2.905430604592020016e-02
2.085643034996865694e-02
2.602295753781209975e-02
3.795876125567067272e-02
2.876980002923679863e-02
1.911911666088888032e-02
1.456588817503752867e-02
1.953447111935463151e-02
2.426152442482984797e-02
1.835724416817200930e-02
2.503781905635483682e-02
3.799323637808072612e-02
2.911603536024193195e-02
1.899039934722773770e-02
1.370186871656345166e-02
1.784457986571209506e-02
1.397763199965012734e-02
1.025719220194099349e-02
1.319200048552420824e-02
1.960526653922192025e-02
2.432820203660606556e-02
1.649506570582942935e-02
1.299650936900796638e-02
1.787571920684533772e-02
2.365106773021027897e-02
1.828688001188550488e-02
2.554732992783394219e-02
3.935384878170472556e-02
3.121918945161644005e-02
2.023958540791093164e-02
1.443296712262815730e-02
1.862160393669248792e-02
1.397763199965012734e-02
1.013159404426050743e-02
1.278810109304981228e-02
1.881447539263175761e-02
1.491282328684319716e-02
1.000802054432599862e-02
7.734642413496185982e-03
1.050329295945743452e-02
1.328898404324752210e-02
1.017346516731008725e-02
1.403572611286809171e-02
2.148108941348770423e-02
2.676695176273049051e-02
1.761508676786579033e-02
1.286405352259080079e-02
1.696312899655484305e-02
1.355446515523141097e-02
1.008242735185046861e-02
1.317242520659417382e-02
1.978944849108337303e-02
2.582088188995685513e-02
1.767928920548029331e-02
1.411528727270818309e-02
1.963364140213109607e-02
2.629798564898664856e-02
2.053024381096753975e-02
2.892711605929053006e-02
4.485585083686929875e-02
5.514637380780333664e-02
3.566400031201941850e-02
2.533790646698100280e-02
3.257063676465189739e-02
2.426152442482985144e-02
1.750556006247887958e-02
2.196329953914740243e-02
3.218532749436758822e-02
2.454002972527788429e-02
1.638896937848617619e-02
1.256761504783703368e-02
1.696084395792364641e-02
2.119343428535623922e-02
1.613337458350572184e-02
2.212459636828067663e-02
3.372548840601231890e-02
2.698462456966192746e-02
1.768756804657938692e-02
1.283985413507134771e-02
1.683687738655015656e-02
1.328898404324752383e-02
9.824817388185183228e-03
1.273806208680677149e-02
1.904633085873054174e-02
2.392799787895893288e-02
1.631981861114102997e-02
1.295405214829806022e-02
1.793887742246167566e-02
2.385100790757102227e-02
1.855362148680052975e-02
2.604892936601195877e-02
4.029782409882710914e-02
5.180079265225135537e-02
3.372237952645504994e-02
2.416392196526198285e-02
3.135999656576411027e-02
2.365106773021027203e-02
1.725619166081454950e-02
2.193633858385985597e-02
3.245670216045112855e-02
2.603198126094852585e-02
1.757232717201188607e-02
1.368538685262399648e-02
1.871609290520832858e-02
2.385100790757101533e-02
1.837796448876674246e-02
2.550077819331310336e-02
3.920963631028011320e-02
5.087250029930025230e-02
3.362154347678331795e-02
2.467840942451641345e-02
3.272618888870611198e-02
2.629798564898663815e-02
1.967599136679682240e-02
2.586130361844879086e-02
3.902938909966213038e-02
5.120434782782529171e-02
3.520872152201972444e-02
2.825436951245234238e-02
3.948540842500315728e-02
5.302772698717731631e-02
4.156793112760777398e-02
5.875641272654780201e-02
9.136846578766838478e-02
7.062690232774869459e-02
4.550945139681001478e-02
3.220034234840752491e-02
4.117447890149760620e-02
3.056825434603486699e-02
2.192370045688047872e-02
2.732847385207347324e-02
3.983077795768023149e-02
3.016984318760235900e-02
2.003222804459712375e-02
1.524427748490208602e-02
2.042154769424909047e-02
2.533790646698103749e-02
1.915080317111477609e-02
2.609477642878972950e-02
3.956434040890922932e-02
3.020116876346761250e-02
1.968052665784727692e-02
1.418429893629454680e-02
1.844972517519910885e-02
1.443296712262818159e-02
1.057669359591237139e-02
1.358267926148514805e-02
2.016264046438536253e-02
2.497517092037383063e-02
1.691438265848940747e-02
1.330786655172925409e-02
1.827952481854862657e-02
2.416392196526200714e-02
1.866077815492737588e-02
2.604392662447371429e-02
4.008417526319035112e-02
3.074865769546355349e-02
1.991427961691153575e-02
1.418429893629455027e-02
1.827420826441703006e-02
1.370186871656347422e-02
9.915424360401825510e-03
1.249300120792493952e-02
1.835390613664455300e-02
1.451212714743655915e-02
9.724448682022409154e-03
7.500619038179146512e-03
1.016659099653013931e-02
1.283985413507135812e-02
9.812589304359601791e-03
1.351710514371534839e-02
2.066121797861491041e-02
2.555538028339150031e-02
1.679695929176486593e-02
1.224851886185550874e-02
1.612466902260714305e-02
1.286405352259081467e-02
9.552248368218257263e-03
1.245737922175024770e-02
1.868946590678827874e-02
2.435533066594223681e-02
1.665389833062920141e-02
1.327571393314043099e-02
1.843871542775415984e-02
2.467840942451642386e-02
1.924081817180475773e-02
2.708296037236978399e-02
4.195824696952708821e-02
3.324299014438501787e-02
2.147894925021482868e-02
1.524427748490207908e-02
1.956986281352167054e-02
1.456588817503754255e-02
1.049407829622597647e-02
1.314531095803162832e-02
1.923755816926599194e-02
1.464916648791366079e-02
9.769613164782298825e-03
7.477917179542977431e-03
1.007404626944055984e-02
1.256761504783704061e-02
9.550764788661890783e-03
1.307777123274740314e-02
1.990980889532228612e-02
1.580926186687359181e-02
1.034891187477655385e-02
7.500619038179139574e-03
9.817929068497955117e-03
7.734642413496185115e-03
5.707376666042388892e-03
7.384576070961883405e-03
1.102444597392198203e-02
1.381488647884951057e-02
9.408175352095199742e-03
7.454023803357461009e-03
1.030479203092339417e-02
1.368538685262399995e-02
1.062970522905158123e-02
1.490565423282455212e-02
2.303473802867154335e-02
2.858444831654627372e-02
1.859148447861615552e-02
1.330786655172924889e-02
1.724886067917578633e-02
1.299650936900796291e-02
9.469038017419356690e-03
1.201900686274767587e-02
1.776168536832172656e-02
1.421876631442064477e-02
9.586305227806863477e-03
7.454023803357459274e-03
1.017913369858078343e-02
1.295405214829806195e-02
9.968189288688691571e-03
1.381554173937097306e-02
2.122237630331692826e-02
2.741977161591461348e-02
1.810556749513864486e-02
1.327571393314042579e-02
1.758446214619436079e-02
1.411528727270818309e-02
1.054836538413283370e-02
1.384752130561096861e-02
2.087910860283268694e-02
2.737397615705666060e-02
1.880622764632957841e-02
1.507613110252434621e-02
2.104871864730276793e-02
2.825436951245235279e-02
2.212981391455103725e-02
3.126051841357677108e-02
4.858342679809548453e-02
5.974530922352504908e-02
3.855985493456496466e-02
2.732847385207349752e-02
3.502562379378189317e-02
2.602295753781215873e-02
1.871217381192290946e-02
2.338641876317627127e-02
3.416577309211338981e-02
2.587458307406662050e-02
1.722223305840665103e-02
1.314531095803162658e-02
1.766456044282798191e-02
2.196329953914741284e-02
1.665083970785364090e-02
2.274672444690664305e-02
3.456832429190392908e-02
2.646328320863642475e-02
1.728625789157680476e-02
1.249300120792493259e-02
1.630391664069423194e-02
1.278810109304982096e-02
9.405238837081601744e-03
1.212303937847445355e-02
1.805016990645669575e-02
2.240930739749424916e-02
1.522214104810252176e-02
1.201900686274768107e-02
1.656655770338652869e-02
2.193633858385985597e-02
1.699437862005698935e-02
2.377647542698484509e-02
3.667772046134220448e-02
2.929355245492230170e-02
1.901855861979051543e-02
1.358267926148513244e-02
1.755990447037485136e-02
1.319200048552421518e-02
9.583360522452469277e-03
1.212303937847445529e-02
1.787060767491355576e-02
1.417579377001258745e-02
9.532264534912392520e-03
7.384576070961884273e-03
1.005204322890791181e-02
1.273806208680677669e-02
9.773709952340472323e-03
1.350897856492819585e-02
2.070913260504837067e-02
2.583187857723196618e-02
1.702771535469378358e-02
1.245737922175024943e-02
1.646250018522369199e-02
1.317242520659417382e-02
9.820207562917928484e-03
1.285728804224126227e-02
1.935034830983599005e-02
2.523855658317181172e-02
1.731074025229974514e-02
1.384752130561097382e-02
1.929831482720751126e-02
2.586130361844879086e-02
2.022445542978729485e-02
2.853139309708267041e-02
4.429628364908889254e-02
5.666225310771463852e-02
3.668677056202986064e-02
2.609477642878971909e-02
3.359818157349279272e-02
2.503781905635484722e-02
1.809808021861614505e-02
2.274672444690664305e-02
3.338668136293436450e-02
2.544523054438552895e-02
1.702122795371502004e-02
1.307777123274739967e-02
1.768501036007816968e-02
2.212459636828066969e-02
1.687487558216714187e-02
2.317799676105453816e-02
3.538252142941605838e-02
2.832105016911173542e-02
1.859071314756437568e-02
1.351710514371534319e-02
1.775976272903353678e-02
1.403572611286809518e-02
1.039838270038402276e-02
1.350897856492819585e-02
2.023292183007983219e-02
2.543024898784154372e-02
1.737292216482725499e-02
1.381554173937096959e-02
1.916724002950677061e-02
2.550077819331310336e-02
1.987014595257703686e-02
2.793151903197073696e-02
4.326127241293373227e-02
5.569873840875568666e-02
3.630250888923865216e-02
2.604392662447369694e-02
3.385428737760760171e-02
2.554732992783393178e-02
1.867211102999939351e-02
2.377647542698484162e-02
3.523153322853293107e-02
2.826173695508692532e-02
1.910594166822505297e-02
1.490565423282454692e-02
2.042081915692543770e-02
2.604892936601195877e-02
2.010413532578672613e-02
2.793151903197073696e-02
4.299744368067296568e-02
5.569393594395384561e-02
3.685166542104178350e-02
2.708296037236978399e-02
3.596977827942750283e-02
2.892711605929053700e-02
2.167664554661091064e-02
2.853139309708267735e-02
4.311115395852591764e-02
5.651282086166712487e-02
3.890554545611844134e-02
3.126051841357677108e-02
4.374334715266645773e-02
5.875641272654778119e-02
4.611271796736066825e-02
6.523244870273478546e-02
1.015222566110278862e-01
9.988515075652888708e-02
6.434104862356419818e-02
4.550945139680998702e-02
5.816509719674241990e-02
4.317701418831614707e-02
3.095027967679178302e-02
3.855985493456497160e-02
5.617288224182451217e-02
4.255595091525900264e-02
2.824221862151216761e-02
2.147894925021481827e-02
2.875519199237744003e-02
3.566400031201945320e-02
2.693838927215533308e-02
3.668677056202986758e-02
5.559661835759085319e-02
4.244600017235561351e-02
2.764615735037617358e-02
1.991427961691152188e-02
2.588502141288183400e-02
2.023958540791095592e-02
1.482076725167220249e-02
1.901855861979051196e-02
2.821407456552051107e-02
3.493882563350895337e-02
2.364732955722265162e-02
1.859148447861615899e-02
2.551824049165840949e-02
3.372237952645506381e-02
2.602466348537756102e-02
3.630250888923866603e-02
5.584566062634564038e-02
4.270922577790736696e-02
2.764615735037616664e-02
1.968052665784725958e-02
2.533659602473862377e-02
1.899039934722775505e-02
1.373124754745322883e-02
1.728625789157680129e-02
2.537747181572384131e-02
2.005652865848740751e-02
1.342964127563499137e-02
1.034891187477654517e-02
1.401433063640269115e-02
1.768756804657939732e-02
1.350555078953403348e-02
1.859071314756437915e-02
2.839799885916969788e-02
3.509334501873526829e-02
2.305110460517231438e-02
1.679695929176485900e-02
2.209338937087814217e-02
1.761508676786579727e-02
1.306831782529112133e-02
1.702771535469378011e-02
2.552769934114576533e-02
3.326635265953439835e-02
2.273097603491289892e-02
1.810556749513864833e-02
2.512694109542586152e-02
3.362154347678332489e-02
2.619460103289940334e-02
3.685166542104179738e-02
5.706345153174398332e-02
4.373605355083132890e-02
2.824221862151215373e-02
2.003222804459708906e-02
2.569501120265865746e-02
1.911911666088889766e-02
1.376168704783809794e-02
1.722223305840665450e-02
2.518286466892468572e-02
1.917551161133729254e-02
1.277720522976420921e-02
9.769613164782298825e-03
1.314704548883495992e-02
1.638896937848617619e-02
1.244170003878215629e-02
1.702122795371503738e-02
2.589282860142206114e-02
2.053216034584372587e-02
1.342964127563498963e-02
9.724448682022402216e-03
1.271470082749588323e-02
1.000802054432599689e-02
7.376132327596837332e-03
9.532264534912390785e-03
1.421689548525149026e-02
1.780359606799688035e-02
1.211297963771355152e-02
9.586305227806868681e-03
1.323812689714174394e-02
1.757232717201189301e-02
1.363530464145784431e-02
1.910594166822505297e-02
2.950506922047843247e-02
3.638304525597135103e-02
2.364732955722263774e-02
1.691438265848939707e-02
2.190229019335687005e-02
1.649506570582944323e-02
1.200536256478278510e-02
1.522214104810252176e-02
2.247485369052187182e-02
1.798298921870894462e-02
1.211297963771354631e-02
9.408175352095199742e-03
1.283354193120093099e-02
1.631981861114102303e-02
1.254535050387984609e-02
1.737292216482725499e-02
2.666724519666522145e-02
3.444993785237882022e-02
2.273097603491287810e-02
1.665389833062919447e-02
2.203794732960911648e-02
1.767928920548029678e-02
1.319880041116472565e-02
1.731074025229973820e-02
2.608084037761840973e-02
3.420078694642735700e-02
2.347861708821234739e-02
1.880622764632957494e-02
2.623488918911857579e-02
3.520872152201972444e-02
2.755629247185098843e-02
3.890554545611845522e-02
6.043367258696794031e-02
4.798003490450963859e-02
3.095027967679175873e-02
2.192370045688044750e-02
2.807759623596973661e-02
2.085643034996864306e-02
1.498462926794523128e-02
1.871217381192289905e-02
2.731639612130686012e-02
2.069153878752525919e-02
1.376168704783809274e-02
1.049407829622596953e-02
1.408799033040619882e-02
1.750556006247887958e-02
1.325859061549567591e-02
1.809808021861614158e-02
2.748363816122309511e-02
2.103664921678762359e-02
1.373124754745322536e-02
9.915424360401820306e-03
1.292681802558532690e-02
1.013159404426051090e-02
7.443222668733684086e-03
9.583360522452471011e-03
1.425570364899376649e-02
1.768982554268905619e-02
1.200536256478277990e-02
9.469038017419361894e-03
1.303807137405278184e-02
1.725619166081455644e-02
1.335577339491168108e-02
1.867211102999940045e-02
2.878390992640965373e-02
2.284397609775311311e-02
1.482076725167220076e-02
1.057669359591236445e-02
1.366019058426174229e-02
1.025719220194098655e-02
7.443222668733681484e-03
9.405238837081600009e-03
1.385109911193845890e-02
1.098003244201433380e-02
7.376132327596837332e-03
5.707376666042388892e-03
7.759819004993518884e-03
9.824817388185184963e-03
7.530106309067780869e-03
1.039838270038402103e-02
1.592778762241976384e-02
1.984104913832843500e-02
1.306831782529111440e-02
9.552248368218253793e-03
1.261012555665184248e-02
1.008242735185046167e-02
7.508440181233245331e-03
9.820207562917919811e-03
1.476687718130016182e-02
1.925950441296046117e-02
1.319880041116473085e-02
1.054836538413283023e-02
1.468701109484718548e-02
1.967599136679681893e-02
1.537465697289387007e-02
2.167664554661091064e-02
3.363462150249914295e-02
4.162726064756409189e-02
2.693838927215531573e-02
1.915080317111476221e-02
2.463975106789548924e-02
1.835724416817200236e-02
1.325859061549567071e-02
1.665083970785363743e-02
2.442208761824554708e-02
1.861276562496126316e-02
1.244170003878215108e-02
9.550764788661883845e-03
1.290382422799174825e-02
1.613337458350572531e-02
1.229466129034394520e-02
1.687487558216713493e-02
2.574393904897873467e-02
2.058764119389937947e-02
1.350555078953402134e-02
9.812589304359593118e-03
1.288128874791164002e-02
1.017346516731008552e-02
7.530106309067788675e-03
9.773709952340468854e-03
1.462762758997061471e-02
1.837694459012002499e-02
1.254535050387984609e-02
9.968189288688689836e-03
1.381835771485742659e-02
1.837796448876674940e-02
1.430966591228598553e-02
2.010413532578671919e-02
3.112206889285697858e-02
3.994917191369150994e-02
2.602466348537753674e-02
1.866077815492736894e-02
2.424056795826745950e-02
1.828688001188550488e-02
1.335577339491167935e-02
1.699437862005698935e-02
2.516624284581479160e-02
2.018216470966530118e-02
1.363530464145783910e-02
1.062970522905157950e-02
1.455196734070635274e-02
1.855362148680053322e-02
1.430966591228598726e-02
1.987014595257703339e-02
3.057298021772094851e-02
3.960710349242521633e-02
2.619460103289938599e-02
1.924081817180475079e-02
2.553837669717356693e-02
2.053024381096752934e-02
1.537465697289387180e-02
2.022445542978729138e-02
3.054424880651885818e-02
4.004665312998401117e-02
2.755629247185097802e-02
2.212981391455103378e-02
3.095038748288633790e-02
4.156793112760776010e-02
3.260771025029923775e-02
4.611271796736065437e-02
7.174257758108959493e-02
9.022199155460923492e-02
5.816509719674255174e-02
4.117447890149771722e-02
5.268726190230392514e-02
3.911788783002882047e-02
2.807759623596977824e-02
3.502562379378194868e-02
5.108603126071827039e-02
3.867029454376964132e-02
2.569501120265868174e-02
1.956986281352170523e-02
2.624032721222027686e-02
3.257063676465195290e-02
2.463975106789549965e-02
3.359818157349282741e-02
5.097653351503902974e-02
3.885386737341969821e-02
2.533659602473864458e-02
1.827420826441705434e-02
2.379214446219846818e-02
1.862160393669251915e-02
1.366019058426175790e-02
1.755990447037486871e-02
2.608910849264318640e-02
3.231220687280585840e-02
2.190229019335687699e-02
1.724886067917580021e-02
2.371657970263943427e-02
3.135999656576414496e-02
2.424056795826746644e-02
3.385428737760762252e-02
5.214037290294509797e-02
3.994065769840497021e-02
2.588502141288185829e-02
1.844972517519913313e-02
2.379214446219846124e-02
1.784457986571213670e-02
1.292681802558533384e-02
1.630391664069424235e-02
2.397477252348882010e-02
1.895670794074039503e-02
1.271470082749588844e-02
9.817929068497958586e-03
1.332287167244013137e-02
1.683687738655016697e-02
1.288128874791164696e-02
1.775976272903355066e-02
2.716822926550669856e-02
3.358615825950127254e-02
2.209338937087815605e-02
1.612466902260714999e-02
2.125033042836967784e-02
1.696312899655486039e-02
1.261012555665184595e-02
1.646250018522369199e-02
2.472041393865889031e-02
3.220052433463657660e-02
2.203794732960912689e-02
1.758446214619435732e-02
2.444731032195326254e-02
3.272618888870611198e-02
2.553837669717357040e-02
3.596977827942749589e-02
5.576177875553253727e-02
4.447538050414617805e-02
2.875519199237746432e-02
2.042154769424909394e-02
2.624032721222028380e-02
1.953447111935466968e-02
1.408799033040621096e-02
1.766456044282798538e-02
2.587483931780483470e-02
1.969522381218413373e-02
1.314704548883496513e-02
1.007404626944056504e-02
1.358718152626732338e-02
1.696084395792365335e-02
1.290382422799175519e-02
1.768501036007818009e-02
2.694670917818675626e-02
2.139039286774973431e-02
1.401433063640268942e-02
1.016659099653014105e-02
1.332287167244012964e-02
1.050329295945744146e-02
7.759819004993521487e-03
1.005204322890791702e-02
1.502171292795078002e-02
1.882609637878575673e-02
1.283354193120093273e-02
1.017913369858078863e-02
1.408783417268728334e-02
1.871609290520833205e-02
1.455196734070636141e-02
2.042081915692544117e-02
3.158061697943662788e-02
3.920578556886493427e-02
2.551824049165841643e-02
1.827952481854863351e-02
2.371657970263942386e-02
1.787571920684535159e-02
1.303807137405278184e-02
1.656655770338653216e-02
2.450489895962542838e-02
1.961682098433260510e-02
1.323812689714174221e-02
1.030479203092339591e-02
1.408783417268727467e-02
1.793887742246167913e-02
1.381835771485743006e-02
1.916724002950677061e-02
2.946544761236754087e-02
3.802415503441772954e-02
2.512694109542585805e-02
1.843871542775415984e-02
2.444731032195325907e-02
1.963364140213110301e-02
1.468701109484719415e-02
1.929831482720751820e-02
2.912076326683772989e-02
3.815695975309430638e-02
2.623488918911857926e-02
2.104871864730276446e-02
2.941259340556344817e-02
3.948540842500315035e-02
3.095038748288632749e-02
4.374334715266644386e-02
6.802065646217085593e-02
8.699079720586971876e-02
5.617288224182449136e-02
3.983077795768023149e-02
5.108603126071822875e-02
3.795876125567069354e-02
2.731639612130686706e-02
3.416577309211340369e-02
4.994944727400942031e-02
3.780714272168634454e-02
2.518286466892469266e-02
1.923755816926599888e-02
2.587483931780482777e-02
3.218532749436760904e-02
2.442208761824555402e-02
3.338668136293436450e-02
5.077240745187717313e-02
3.882363131766616154e-02
2.537747181572384478e-02
1.835390613664455300e-02
2.397477252348881663e-02
1.881447539263175414e-02
1.385109911193846931e-02
1.787060767491355923e-02
2.662961100497072964e-02
3.305946984262018301e-02
2.247485369052187876e-02
1.776168536832172656e-02
2.450489895962543532e-02
3.245670216045113549e-02
2.516624284581479853e-02
3.523153322853294495e-02
5.438191730084517006e-02
4.342998995580685251e-02
2.821407456552050413e-02
2.016264046438535212e-02
2.608910849264317600e-02
1.960526653922192025e-02
1.425570364899376996e-02
1.805016990645669228e-02
2.662961100497072617e-02
2.112492189733338951e-02
1.421689548525149546e-02
1.102444597392198203e-02
1.502171292795078002e-02
1.904633085873054521e-02
1.462762758997061471e-02
2.023292183007983219e-02
3.103814609004112643e-02
3.870016013152447615e-02
2.552769934114576186e-02
1.868946590678826833e-02
2.472041393865888684e-02
1.978944849108337650e-02
1.476687718130016529e-02
1.935034830983598658e-02
2.914370715437337653e-02
3.799770247098387121e-02
2.608084037761840973e-02
2.087910860283268347e-02
2.912076326683772642e-02
3.902938909966213038e-02
3.054424880651886512e-02
4.311115395852591070e-02
6.696577771921720379e-02
8.582517090672441007e-02
5.559661835759081155e-02
3.956434040890920850e-02
5.097653351503902974e-02
3.799323637808074000e-02
2.748363816122308817e-02
3.456832429190393602e-02
5.077240745187717313e-02
3.868087487705021421e-02
2.589282860142205073e-02
1.990980889532228959e-02
2.694670917818674932e-02
3.372548840601233278e-02
2.574393904897873467e-02
3.538252142941605838e-02
5.404613697136537165e-02
4.323510089301524362e-02
2.839799885916968747e-02
2.066121797861491388e-02
2.716822926550669856e-02
2.148108941348770770e-02
1.592778762241976037e-02
2.070913260504836373e-02
3.103814609004111602e-02
3.900881996286918729e-02
2.666724519666522145e-02
2.122237630331692826e-02
2.946544761236754087e-02
3.920963631028012708e-02
3.057298021772094504e-02
4.299744368067295874e-02
6.662816680068124608e-02
8.564107148044505791e-02
5.584566062634563344e-02
4.008417526319034419e-02
5.214037290294510490e-02
3.935384878170471862e-02
2.878390992640966414e-02
3.667772046134219754e-02
5.438191730084517006e-02
4.361722092904865566e-02
2.950506922047843941e-02
2.303473802867154682e-02
3.158061697943662094e-02
4.029782409882711608e-02
3.112206889285698552e-02
4.326127241293373921e-02
6.662816680068127384e-02
8.619694813546215084e-02
5.706345153174394169e-02
4.195824696952708127e-02
5.576177875553254421e-02
4.485585083686929181e-02
3.363462150249914295e-02
4.429628364908887173e-02
6.696577771921718991e-02
8.773945569173062509e-02
6.043367258696793337e-02
4.858342679809548453e-02
6.802065646217085593e-02
9.136846578766837090e-02
7.174257758108960881e-02
1.015222566110278862e-01
1.580555275354830758e-01
