4.089755074446413917e-03
8.529647092732103690e-04
4.457056372127799534e-04
3.569271010873831945e-04
4.304129502855952479e-04
1.189722357390462972e-04
1.507486821175488875e-04
3.889419638077890734e-04
4.279851002944017740e-04
1.029229257545026532e-04
6.174879293204156572e-05
1.154041967664602708e-04
1.332555312480096510e-04
1.051333397026898986e-04
1.903476135140386161e-04
8.627946733668900858e-04
4.272488293025344941e-04
9.809808012067877669e-05
5.430369581349570041e-05
7.868533972454905268e-05
5.728362432194655796e-05
3.463837750716791675e-05
5.825682238141949298e-05
2.536164549741398710e-04
1.283897038815845493e-04
6.719369825932200446e-05
5.693400631622339003e-05
2.376088418892946530e-04
1.578054535172727924e-04
2.424703484535627174e-04
4.637083395863061909e-04
2.296105494320090611e-03
4.272488293026219350e-04
9.597378511181739349e-05
5.184613768979483251e-05
6.579284212634852293e-05
5.140548905256160390e-05
2.465612902606570622e-05
3.898403605177756885e-05
1.575965785909376124e-04
5.613061712686015237e-05
2.389468092624527846e-05
1.896606877811548406e-05
7.268784375415395145e-05
4.943183782597808444e-05
7.274782869044287253e-05
1.386063187093640697e-04
6.843720181833884289e-04
1.271231196421858433e-04
5.406683504915228298e-05
3.732185016691304215e-05
1.367979452022246472e-04
4.905435378039764514e-05
6.980785277528978679e-05
1.311663797733984089e-04
6.476317703541503365e-04
1.476172445383225134e-04
1.442063905113656435e-04
1.359347974730828936e-04
6.465340295103491749e-04
3.872120602976237246e-04
6.638508352448398804e-04
1.275544200585716857e-03
6.377107696327774869e-03
4.279851002943980335e-04
9.507643422768945912e-05
5.083247826978949885e-05
6.006875203897254014e-05
4.957005216486067576e-05
2.119242280165736255e-05
3.229228670536444135e-05
1.239535155227575365e-04
5.091724535633971097e-05
1.826764363755339714e-05
1.357292653855818245e-05
4.672957284301472192e-05
3.393107736511273353e-05
4.597934172209393501e-05
8.714032762685176435e-05
4.269462310950799091e-04
5.613061712686292387e-05
2.028330463928277246e-05
1.337754112653109022e-05
4.380543540834486822e-05
1.684859093978754348e-05
2.193470480484989622e-05
4.089759336700862254e-05
2.004708814123972620e-04
4.733573922748615615e-05
4.450901840434710784e-05
4.174846697515713850e-05
1.975890917418432295e-04
1.186034372662458111e-04
2.027468738191787580e-04
3.894877550312562595e-04
1.946898166326719616e-03
1.283897038815950660e-04
4.854433582671961771e-05
3.063985010364970844e-05
1.010581288989550341e-04
3.356785461821604465e-05
4.191043687720737409e-05
7.724151273698366389e-05
3.773050658134126964e-04
4.733573922749058783e-05
4.337921389864905666e-05
4.024518323420487996e-05
1.897545763002084142e-04
1.127215170966676432e-04
1.927795847535582836e-04
3.702020429614240543e-04
1.850813671914071671e-03
1.476172445383146800e-04
1.105128642408206337e-04
8.387591071616761905e-05
3.760807433230985933e-04
1.179481928026431437e-04
1.947980629244384877e-04
3.698789940050951647e-04
1.846028626927154930e-03
3.691832754853092936e-04
4.022751876606504807e-04
3.837136684805547552e-04
1.848883506900895340e-03
1.094569706346979702e-03
1.899046469640285799e-03
3.650371194005854261e-03
1.826899090291699349e-02
4.304129502855242868e-04
9.520813124995617575e-05
5.066097862878495554e-05
5.798569079332452825e-05
4.907373510016590135e-05
1.989074041090168165e-05
2.972721322004061762e-05
1.108611543140246335e-04
4.957005216485729440e-05
1.650934989194574986e-05
1.185047979647958016e-05
3.828186123846317665e-05
2.896188611934815489e-05
3.725708311817500063e-05
7.035847046774437209e-05
3.428896874453933922e-04
5.140548905255619644e-05
1.635620036357439245e-05
1.034091954289762910e-05
2.988968183122161785e-05
1.250889743749231897e-05
1.465618782323659318e-05
2.705697694197798804e-05
1.313266380395506868e-04
3.356785461821882292e-05
2.938971635757847687e-05
2.730948492998376765e-05
1.279567679132513852e-04
7.739053964191420576e-05
1.312013372503267926e-04
2.519554902906697672e-04
1.258563708969664312e-03
5.728362432198923486e-05
1.906187651626989384e-05
1.165857081550638612e-05
3.423988367372294276e-05
1.250889743749345738e-05
1.401295564713784367e-05
2.555354195310535929e-05
1.234911763728015774e-04
1.684859093979390300e-05
1.432063991188994299e-05
1.314971641296728568e-05
6.131896899370662866e-05
3.665967857682256986e-05
6.222487013966601492e-05
1.194458615280474215e-04
5.968281071495887746e-04
4.905435378039801783e-05
3.565068187568323570e-05
2.695346465953094923e-05
1.200524310412517319e-04
3.779531127226605969e-05
6.213243912591398359e-05
1.179370280340433003e-04
5.884364877695112120e-04
1.179481928026447429e-04
1.282394058018922146e-04
1.222917987078463739e-04
5.891103645364871534e-04
3.488018639795270105e-04
6.050753020332668352e-04
1.163071289983235021e-03
5.820769800196274636e-03
1.332555312477750839e-04
4.718444508515076344e-05
2.843745867639241561e-05
8.709408159918909250e-05
2.896188611933509703e-05
3.274610070750339326e-05
5.943374911248915402e-05
2.875099757552585758e-04
3.393107736510280630e-05
2.788005713561448443e-05
2.526678388201732250e-05
1.171180813420185420e-04
6.966039972438458087e-05
1.177783680691788914e-04
2.259659617909728555e-04
1.128776128692127005e-03
4.943183782595887373e-05
3.521339617051477932e-05
2.641482267557450190e-05
1.170298395817614886e-04
3.665967857681840246e-05
6.002168124745026347e-05
1.138536707024682775e-04
5.679263062903635792e-04
1.127215170966649869e-04
1.226222798187906623e-04
1.169047733864559145e-04
5.631924602391404295e-04
3.332885234327639815e-04
5.782862533826941794e-04
1.111564255824369716e-03
5.563138325524820231e-03
1.578054535172752589e-04
9.906678784809180892e-05
6.774168975178176011e-05
2.865956448318556123e-04
7.739053964191443616e-05
1.203363983330367698e-04
2.256414787165365214e-04
1.121907078657119559e-03
1.186034372662489553e-04
1.253510480910391260e-04
1.182229905257683349e-04
5.675439355794572194e-04
3.332885234327576931e-04
5.772136234968683159e-04
1.109101744935834730e-03
5.550219307112396611e-03
3.872120602976497996e-04
3.208029261366160964e-04
2.462567299956220919e-04
1.127135644884305924e-03
3.488018639795255468e-04
5.845562281439516117e-04
1.110977591945193788e-03
5.550131488279156505e-03
1.094569706346998133e-03
1.206723580735816898e-03
1.152393817183965715e-03
5.559852626413660202e-03
3.287447003682105601e-03
5.710806485251664066e-03
1.097779529563670461e-02
5.494671082421446334e-02
4.457056372125712987e-04
9.880156002984723544e-05
5.248634406890924695e-05
6.023611689704366431e-05
5.066097862876996644e-05
2.034961136045868493e-05
3.026980052412644345e-05
1.122503590360259034e-04
5.083247826977495699e-05
1.656240037634609566e-05
1.174139830766807928e-05
3.708865401812726773e-05
2.843745867639958490e-05
3.588783739044126690e-05
6.767393319931445505e-05
3.291309381548975324e-04
5.184613768977467990e-05
1.579559228566810219e-05
9.814189611933119971e-06
2.685555080466269979e-05
1.165857081550132087e-05
1.300418307973294954e-05
2.388313319949681015e-05
1.153338234813282000e-04
3.063985010364326421e-05
2.589192208161154526e-05
2.393739452704921842e-05
1.115524062885970500e-04
6.774168975177968658e-05
1.143264981972537717e-04
2.195062663246160153e-04
1.096059838020893703e-03
5.430369581305354921e-05
1.647478110453861922e-05
9.814189611914058342e-06
2.578426643360026544e-05
1.034091954288446112e-05
1.040202847258020788e-05
1.874470863670751631e-05
8.948089427182139325e-05
1.337754112651181514e-05
1.049794673442104252e-05
9.525146575723253211e-06
4.383818552345746634e-05
2.641482267557176768e-05
4.442647545277627529e-05
8.524020327177106904e-05
4.256153703129765824e-04
3.732185016688607939e-05
2.572782164372464878e-05
1.931527537000606113e-05
8.495546224650739016e-05
2.695346465953040712e-05
4.391279165525949685e-05
8.330219850231546552e-05
4.153804693593807044e-04
8.387591071616390566e-05
9.060888666492672590e-05
8.634760447351990905e-05
4.156599351205237931e-04
2.462567299956232303e-04
4.269094867606444883e-04
8.205830679591793542e-04
4.106505244316894718e-03
6.174879293205823533e-05
1.988909773654636009e-05
1.174139830767240423e-05
3.257757593001947175e-05
1.185047979647690523e-05
1.214803592342572592e-05
2.181910224875707098e-05
1.043920532162201668e-04
1.357292653855612924e-05
1.029363092241032578e-05
9.215191379883609153e-06
4.212334351106976452e-05
2.526678388201180324e-05
4.230417501065115358e-05
8.112243011340746911e-05
4.049302015012119435e-04
1.896606877811179100e-05
1.279234535273551649e-05
9.525146575720552870e-06
4.163479750866052535e-05
1.314971641297129723e-05
2.132235262852358312e-05
4.041859748309014196e-05
2.014873152042678556e-04
4.024518323419924210e-05
4.352995370970648697e-05
4.147465888563030365e-05
1.996788668407529946e-04
1.182229905257720890e-04
2.050212077264850483e-04
3.940768979774469439e-04
1.972186778058468686e-03
5.693400631618552427e-05
3.508982310123483027e-05
2.393739452704584723e-05
1.006872431520631339e-04
2.730948492997844828e-05
4.225245266407306945e-05
7.919755530580693315e-05
3.936381277385960420e-04
4.174846697515765349e-05
4.399061205461029926e-05
4.147465888564404591e-05
1.990351624390377197e-04
1.169047733864500734e-04
2.024176403074165822e-04
3.889356426229826345e-04
1.946297710960857071e-03
1.359347974730860649e-04
1.125012451321753132e-04
8.634760447351381041e-05
3.951394177833280328e-04
1.222917987078466721e-04
2.049205603362294387e-04
3.894574126502863996e-04
1.945603620770973863e-03
3.837136684805557310e-04
4.230146663655118006e-04
4.039672304600904948e-04
1.948977869557641128e-03
1.152393817183964414e-03
2.001890668224567352e-03
3.848202138238993823e-03
1.926125846860019669e-02
1.507486821175171745e-04
5.155726845088299783e-05
3.026980052412767334e-05
8.846741054447022391e-05
2.972721322003791727e-05
3.145803367302138487e-05
5.646230042303893997e-05
2.711462255235616266e-04
3.229228670536623706e-05
2.453534428753681876e-05
2.181910224875906998e-05
9.970624627602985349e-05
5.943374911248863225e-05
9.948794689753832942e-05
1.907208297260723712e-04
9.520076355858601413e-04
3.898403605177210040e-05
2.545465496218084523e-05
1.874470863671177180e-05
8.115328613612607823e-05
2.555354195310491545e-05
4.112265072546125776e-05
7.787285360400708807e-05
3.880072729667952179e-04
7.724151273698274232e-05
8.319412157907625060e-05
7.919755530581616243e-05
3.811105913345940724e-04
2.256414787165416172e-04
3.911642474140686137e-04
7.518426517901336545e-04
3.762552172779927689e-03
5.825682238130649879e-05
3.522271566246164075e-05
2.388313319949628838e-05
9.976672594893203723e-05
2.705697694197555875e-05
4.158325609132318087e-05
7.787285360400771149e-05
3.868756472817571766e-04
4.089759336701068252e-05
4.291110774924726491e-05
4.041859748309865294e-05
1.938683682230405542e-04
1.138536707024804612e-04
1.970713373033117981e-04
3.786497916917780523e-04
1.894784744533778865e-03
1.311663797733891661e-04
1.085611485800092507e-04
8.330219850231942286e-05
3.811983353273450657e-04
1.179370280340446826e-04
1.976217322621753858e-04
3.755785121651364746e-04
1.876271122647273299e-03
3.698789940050942974e-04
4.078217428958778412e-04
3.894574126502982716e-04
1.879003662015788509e-03
1.110977591945185982e-03
1.929991027781278404e-03
3.709988955203221642e-03
1.856951497195876571e-02
1.903476135139216307e-04
1.051472582452825952e-04
6.767393319931379098e-05
2.711345964096062411e-04
7.035847046773474980e-05
1.028162857208195485e-04
1.907208297260754612e-04
9.441430785590761718e-04
8.714032762684408007e-05
8.732340931778065569e-05
8.112243011340946133e-05
3.868183907613010654e-04
2.259659617909679766e-04
3.896531808583148741e-04
7.482909380932705780e-04
3.743540811031064418e-03
1.386063187093608713e-04
1.119910981290568743e-04
8.524020327176816880e-05
3.880529010527014773e-04
1.194458615280428543e-04
1.993667773317039980e-04
3.786497916917661260e-04
1.891166121900318079e-03
3.702020429614172239e-04
4.074702172680621029e-04
3.889356426229848571e-04
1.876116540648122563e-03
1.109101744935827140e-03
1.926483499487519589e-03
3.703180210001503960e-03
1.853527876453941667e-02
4.637083395862771342e-04
3.179009519520921618e-04
2.195062663246169098e-04
9.525428499926500651e-04
2.519554902906654846e-04
4.003666716252685109e-04
7.518426517901279083e-04
3.743861053397861891e-03
3.894877550312577773e-04
4.172440420859514689e-04
3.940768979774497628e-04
1.894717383102475713e-03
1.111564255824372101e-03
1.927163630298071298e-03
3.703180210001508731e-03
1.853314611941581438e-02
1.275544200585706665e-03
1.067825637974894161e-03
8.205830679591777279e-04
3.763203606729401216e-03
1.163071289983235671e-03
1.951893428913652976e-03
3.709988955203221642e-03
1.853575301019842747e-02
3.650371194005876813e-03
4.029156990911423111e-03
3.848202138238991220e-03
1.856848465615208374e-02
1.097779529563672890e-02
1.907264839775681467e-02
3.666318703677287627e-02
1.835109816508420921e-01
8.529647092732409435e-04
1.868006095960508979e-04
9.880156002986928540e-05
1.063656297824941828e-04
9.520813124996441569e-05
3.557073895804229900e-05
5.155726845088812746e-05
1.826999779148473328e-04
9.507643422769031293e-05
2.897358157087015159e-05
1.988909773655157782e-05
5.838950167842515390e-05
4.718444508517424319e-05
5.600285582342334956e-05
1.051472582452976656e-04
5.078463183224209967e-04
9.597378511182379029e-05
2.723373599022026428e-05
1.647478110455080633e-05
4.063959926840419562e-05
1.906187651627094077e-05
1.937218827087488997e-05
3.522271566246206088e-05
1.683039836638260567e-04
4.854433582671580945e-05
3.833004951181755908e-05
3.508982310123546047e-05
1.617155906361439084e-04
9.906678784810091622e-05
1.656380563524678196e-04
3.179009519520934086e-04
1.586116007095595857e-03
9.809808012100567720e-05
2.723373599024633596e-05
1.579559228569039610e-05
3.614309470795945453e-05
1.635620036359795691e-05
1.436462061746029910e-05
2.545465496218317965e-05
1.193114839782290042e-04
2.028330463930459881e-05
1.433952082684429665e-05
1.279234535273565879e-05
5.772970216950820905e-05
3.521339617051636497e-05
5.840973072272793445e-05
1.119910981290584600e-04
5.585825730048623759e-04
5.406683504917099225e-05
3.462267452609544860e-05
2.572782164372789122e-05
1.109972252850837413e-04
3.565068187568626469e-05
5.728176595762968877e-05
1.085611485800132216e-04
5.408246157979550248e-04
1.105128642408236423e-04
1.181790326885604441e-04
1.125012451321757062e-04
5.409397912339100351e-04
3.208029261366166385e-04
5.555578308452976521e-04
1.067825637974893944e-03
5.343312764180326892e-03
1.029229257544308926e-04
2.897358157086456795e-05
1.656240037634481156e-05
3.799084356717211613e-05
1.650934989194558723e-05
1.398482025672222870e-05
2.453534428753632749e-05
1.143565431055280397e-04
1.826764363755339375e-05
1.181629293577584422e-05
1.029363092240972609e-05
4.551674353957717376e-05
2.788005713561788612e-05
4.559295440029479724e-05
8.732340931778155015e-05
4.350790656988225212e-04
2.389468092624065027e-05
1.433952082684298545e-05
1.049794673442326344e-05
4.440081598342141098e-05
1.432063991189105430e-05
2.267451675576907227e-05
4.291110774924576058e-05
2.135673419066108354e-04
4.337921389865062875e-05
4.624202633933800039e-05
4.399061205460606409e-05
2.114464206945198643e-04
1.253510480910386652e-04
2.170858236751979794e-04
4.172440420859497342e-04
2.087894065753783789e-03
6.719369825935173871e-05
3.833004951182163839e-05
2.589192208161649193e-05
1.060990298568869705e-04
2.938971635757951702e-05
4.445683694633901828e-05
8.319412157907558653e-05
4.128340084245568945e-04
4.450901840434786679e-05
4.624202633933927433e-05
4.352995370970921102e-05
2.085562494782918256e-04
1.226222798187907978e-04
2.120753185744684460e-04
4.074702172680612355e-04
2.038872447435980360e-03
1.442063905113694111e-04
1.181790326885596445e-04
9.060888666492898918e-05
4.138626766747799325e-04
1.282394058018924315e-04
2.146015716822963920e-04
4.078217428958850511e-04
2.037168892097032755e-03
4.022751876606503723e-04
4.430075269061051549e-04
4.230146663655091443e-04
2.040637277898427887e-03
1.206723580735814946e-03
2.096033195583217774e-03
4.029156990911423111e-03
2.016678079903325843e-02
1.189722357389752955e-04
3.557073895804046940e-05
2.034961136046509189e-05
5.056763660549910892e-05
1.989074041090298947e-05
1.786245920255637073e-05
3.145803367302469169e-05
1.478971610111892688e-04
2.119242280166008322e-05
1.398482025672331968e-05
1.214803592342905137e-05
5.392205937526057071e-05
3.274610070750594114e-05
5.368993013487760759e-05
1.028162857208237497e-04
5.123884004002673184e-04
2.465612902606274161e-05
1.436462061745861012e-05
1.040202847258157837e-05
4.353173344703859779e-05
1.401295564713718637e-05
2.199698524636628722e-05
4.158325609132617598e-05
2.068392222013836791e-04
4.191043687720654061e-05
4.445683694633936387e-05
4.225245266407833461e-05
2.029753928461596965e-04
1.203363983330384368e-04
2.083123244790175690e-04
4.003666716252718178e-04
2.003376437198242307e-03
3.463837750724099197e-05
1.937218827087857625e-05
1.300418307973393379e-05
5.286074837407354595e-05
1.465618782324111295e-05
2.199698524636813036e-05
4.112265072545889284e-05
2.039489036519954285e-04
2.193470480485728235e-05
2.267451675576825573e-05
2.132235262852530430e-05
1.020951629200694751e-04
6.002168124744425293e-05
1.037680983625775366e-04
1.993667773317034831e-04
9.975530531901679633e-04
6.980785277529271413e-05
5.728176595762932285e-05
4.391279165525972724e-05
2.006192962503692591e-04
6.213243912591437661e-05
1.039923256230749344e-04
1.976217322621821892e-04
9.871815250293964304e-04
1.947980629244417403e-04
2.146015716822963107e-04
2.049205603362311192e-04
9.885842771833429354e-04
5.845562281439526959e-04
1.015406688075486726e-03
1.951893428913655795e-03
9.769693012267129453e-03
1.051333397025549696e-04
5.600285582341307675e-05
3.588783739043703851e-05
1.416744005375156429e-04
3.725708311817040632e-05
5.368993013487909836e-05
9.948794689752965580e-05
4.919759407124459473e-04
4.597934172209057398e-05
4.559295440029447198e-05
4.230417501065003550e-05
2.014546977239358371e-04
1.177783680691782138e-04
2.029109325545660060e-04
3.896531808583130309e-04
1.949219717941870532e-03
7.274782869044032466e-05
5.840973072272764307e-05
4.442647545278495568e-05
2.019978816010807230e-04
6.222487013966718043e-05
1.037680983625784311e-04
1.970713373033145357e-04
9.842167878109358420e-04
1.927795847535638402e-04
2.120753185744677684e-04
2.024176403074101583e-04
9.763503110420601247e-04
5.772136234968691833e-04
1.002558821423048903e-03
1.927163630298073249e-03
9.645865095245885826e-03
2.424703484535663494e-04
1.656380563524643501e-04
1.143264981972538801e-04
4.956394158383138453e-04
1.312013372503263589e-04
2.083123244790189242e-04
3.911642474140585848e-04
1.947724090695759133e-03
2.027468738191791917e-04
2.170858236751987925e-04
2.050212077264877860e-04
9.856837465996414870e-04
5.782862533826936373e-04
1.002558821423050420e-03
1.926483499487513735e-03
9.641360557372614937e-03
6.638508352448371699e-04
5.555578308452971100e-04
4.269094867606452472e-04
1.957689143938132117e-03
6.050753020332665100e-04
1.015406688075488461e-03
1.929991027781277754e-03
9.642544798073514681e-03
1.899046469640292521e-03
2.096033195583219509e-03
2.001890668224567352e-03
9.659560217963889320e-03
5.710806485251660597e-03
9.921831383053221834e-03
1.907264839775681467e-02
9.546467967695736190e-02
3.569271010871150713e-04
1.063656297824682839e-04
6.023611689702971199e-05
1.475258235882284804e-04
5.798569079331750804e-05
5.056763660549334910e-05
8.846741054447906016e-05
4.140910094815743831e-04
6.006875203896897583e-05
3.799084356717102515e-05
3.257757593001850952e-05
1.430520042631129867e-04
8.709408159919036644e-05
1.416744005375220397e-04
2.711345964096068374e-04
1.350383136199020517e-03
6.579284212633979511e-05
3.614309470795569370e-05
2.578426643360126833e-05
1.056307030918444463e-04
3.423988367372222448e-05
5.286074837407015782e-05
9.976672594893196946e-05
4.956766070262966489e-04
1.010581288989547495e-04
1.060990298568860354e-04
1.006872431520629307e-04
4.831097377576868768e-04
2.865956448318585396e-04
4.956394158383141705e-04
9.525428499926498482e-04
4.766017109770792279e-03
7.868533972472613000e-05
4.063959926840613363e-05
2.685555080466269640e-05
1.056307030918448122e-04
2.988968183122708630e-05
4.353173344703886884e-05
8.115328613612587494e-05
4.015837762887961644e-04
4.380543540834813438e-05
4.440081598342137032e-05
4.163479750866051857e-05
1.988805652611880834e-04
1.170298395817609871e-04
2.019978816010818885e-04
3.880529010526993089e-04
1.941432294107349465e-03
1.367979452022261922e-04
1.109972252850823318e-04
8.495546224650686162e-05
3.872704070791882806e-04
1.200524310412523282e-04
2.006192962503665486e-04
3.811983353273430057e-04
1.904011430914365980e-03
3.760807433230989186e-04
4.138626766747801494e-04
3.951394177833330744e-04
1.906016457584124631e-03
1.127135644884312430e-03
1.957689143938135153e-03
3.763203606729400783e-03
1.883556500235043785e-02
1.154041967664018188e-04
5.838950167841845218e-05
3.708865401812464532e-05
1.430520042631126885e-04
3.828186123845903635e-05
5.392205937525952039e-05
9.970624627603126295e-05
4.921749450521520483e-04
4.672957284300988367e-05
4.551674353957690271e-05
4.212334351107420297e-05
2.001321946856968995e-04
1.171180813420182303e-04
2.014546977239345632e-04
3.868183907613022038e-04
1.934813645987769207e-03
7.268784375415083437e-05
5.772970216950913062e-05
4.383818552345712752e-05
1.988805652611890862e-04
6.131896899370978639e-05
1.020951629200698952e-04
1.938683682230346453e-04
9.681221532108214966e-04
1.897545763002077637e-04
2.085562494782916088e-04
1.990351624390232184e-04
9.599387825674315618e-04
5.675439355794576531e-04
9.856837465996410533e-04
1.894717383102474846e-03
9.483403797064688182e-03
2.376088418892873888e-04
1.617155906361436373e-04
1.115524062885964673e-04
4.831097377576872563e-04
1.279567679132497047e-04
2.029753928461585581e-04
3.811105913345895729e-04
1.897546457419446459e-03
1.975890917418439343e-04
2.114464206945222496e-04
1.996788668407658153e-04
9.599387825674327544e-04
5.631924602391409716e-04
9.763503110420639194e-04
1.876116540648122347e-03
9.389263943264553394e-03
6.465340295103387666e-04
5.409397912339094930e-04
4.156599351205249315e-04
1.906016457584124631e-03
5.891103645364866113e-04
9.885842771833433691e-04
1.879003662015792629e-03
9.387785786209220176e-03
1.848883506900916591e-03
2.040637277898427887e-03
1.948977869557644380e-03
9.404229782561921575e-03
5.559852626413668876e-03
9.659560217963884116e-03
1.856848465615207680e-02
9.294117792952392987e-02
3.889419638080616418e-04
1.826999779148690169e-04
1.122503590360397812e-04
4.140910094815793705e-04
1.108611543140408423e-04
1.478971610111904072e-04
2.711462255235654213e-04
1.332556566559985707e-03
1.239535155227741519e-04
1.143565431055303978e-04
1.043920532162217118e-04
4.921749450521529156e-04
2.875099757552617200e-04
4.919759407124477905e-04
9.441430785590741118e-04
4.720742415354090525e-03
1.575965785909560438e-04
1.193114839782311590e-04
8.948089427182226061e-05
4.015837762887966523e-04
1.234911763728030140e-04
2.039489036519961333e-04
3.868756472817562009e-04
1.930960491482433539e-03
3.773050658134193642e-04
4.128340084245586293e-04
3.936381277385977767e-04
1.897546457419446676e-03
1.121907078657121944e-03
1.947724090695760000e-03
3.743861053397864059e-03
1.873815884949940613e-02
2.536164549741583567e-04
1.683039836638294720e-04
1.153338234813301651e-04
4.956766070262971910e-04
1.313266380395543189e-04
2.068392222013841941e-04
3.880072729667961395e-04
1.930960491482433755e-03
2.004708814124014362e-04
2.135673419066127056e-04
2.014873152042677472e-04
9.681221532108234482e-04
5.679263062903650971e-04
9.842167878109358420e-04
1.891166121900315911e-03
9.464353680310639422e-03
6.476317703541539144e-04
5.408246157979556754e-04
4.153804693593811381e-04
1.904011430914365980e-03
5.884364877695121877e-04
9.871815250293938283e-04
1.876271122647275901e-03
9.373974495200970702e-03
1.846028626927154279e-03
2.037168892097031888e-03
1.945603620770975598e-03
9.387785786209220176e-03
5.550131488279158240e-03
9.642544798073511211e-03
1.853575301019841706e-02
9.277725765575271788e-02
8.627946733665106151e-04
5.078463183223947590e-04
3.291309381548727041e-04
1.350383136199017915e-03
3.428896874453680218e-04
5.123884004002639573e-04
9.520076355858576476e-04
4.720742415354081851e-03
4.269462310950545929e-04
4.350790656988204070e-04
4.049302015012085825e-04
1.934813645987769424e-03
1.128776128692124186e-03
1.949219717941870532e-03
3.743540811031061382e-03
1.873013249727402060e-02
6.843720181833701059e-04
5.585825730048617254e-04
4.256153703129736550e-04
1.941432294107350116e-03
5.968281071495870399e-04
9.975530531901670959e-04
1.894784744533778865e-03
9.464353680310639422e-03
1.850813671914069937e-03
2.038872447435980360e-03
1.946297710960855337e-03
9.389263943264551660e-03
5.550219307112401815e-03
9.641360557372614937e-03
1.853314611941582479e-02
9.276331852720949567e-02
2.296105494320063722e-03
1.586116007095591954e-03
1.096059838020887415e-03
4.766017109770789677e-03
1.258563708969660409e-03
2.003376437198242741e-03
3.762552172779928556e-03
1.873815884949940613e-02
1.946898166326720050e-03
2.087894065753784657e-03
1.972186778058469987e-03
9.483403797064696855e-03
5.563138325524826303e-03
9.645865095245892765e-03
1.853527876453942361e-02
9.276331852720956506e-02
6.377107696327776604e-03
5.343312764180327759e-03
4.106505244316893850e-03
1.883556500235045519e-02
5.820769800196275504e-03
9.769693012267134657e-03
1.856951497195876918e-02
9.277725765575275951e-02
1.826899090291704900e-02
2.016678079903329313e-02
1.926125846860021057e-02
9.294117792952399926e-02
5.494671082421452579e-02
9.546467967695738965e-02
1.835109816508419256e-01
9.185321997181044029e-01
