4.735531398645749533e-06
5.594378793580151719e-07
2.858816563367407422e-07
5.506033245902253238e-07
2.748411042705718893e-07
1.557940374382858965e-07
2.813082598220833337e-07
2.586635593145857149e-06
2.710039976275205721e-07
9.763718773501880175e-08
8.343341211463446358e-08
7.124794998073077576e-07
2.319161467074387119e-07
7.054193151782156557e-07
1.394186663626227271e-06
1.392751438243416615e-05
2.694926735987562827e-07
7.627348796307442669e-08
5.259560578729782776e-08
4.016274395106378403e-07
7.058401291920590737e-08
1.976207456011458419e-07
3.888340832647330103e-07
3.880293054869810021e-06
2.132531472520682314e-07
3.927541561976610751e-07
3.867250482070261342e-07
3.822144805515348409e-06
1.143520315383117492e-06
3.849203880454399318e-06
7.618349179790151471e-06
7.625686653631516543e-05
2.694926737253910964e-07
6.621161862391928242e-08
4.138419525172515670e-08
2.878933782522681605e-07
4.593031458649272231e-08
1.136439376894836460e-07
2.224939002520485119e-07
2.215006862257829291e-06
6.633094085831765709e-08
1.124800334434031919e-07
1.101952707021930811e-07
1.086371676352404297e-06
3.245324804898960152e-07
1.091117586639166480e-06
2.159456521145629919e-06
2.161500837265372142e-05
2.080753381507251427e-07
2.786048543194278758e-07
2.196753687383164785e-07
2.135518124428946191e-06
3.237680933796473247e-07
1.078306483416122114e-06
2.128607573888773551e-06
2.130394460592986196e-05
1.060099547870211548e-06
2.175576773372916734e-06
2.149059008839626335e-06
2.130238550750889782e-05
6.359151827118312596e-06
2.145784041266378525e-05
4.247048291876608398e-05
4.251354402163367327e-04
2.710039977354088527e-07
6.133922182417197652e-08
3.637835329772140695e-08
2.362894633462663983e-07
3.725898742858938916e-08
8.371357314561231290e-08
1.632345636116489451e-07
1.621613051679758422e-06
4.436261500369938129e-08
6.678855922404491798e-08
6.497349171598158779e-08
6.379557933904048063e-07
1.905870918559617305e-07
6.390406821500765788e-07
1.264667062633815370e-06
1.265800753500359618e-05
6.633094085717924481e-08
8.225826476985749827e-08
6.457205333223971135e-08
6.251613969807189952e-07
9.478596865839135355e-08
3.148025732309611647e-07
6.213814074322075525e-07
6.218766933744851000e-06
3.090126261720872194e-07
6.334472279541555602e-07
6.256917044355703616e-07
6.201940952239780812e-06
1.851386733356900526e-06
6.247070440155522240e-06
1.236452332656755196e-05
1.237705649250436368e-04
2.132531475765970467e-07
2.274847730486007113e-07
1.604205428289593393e-07
1.532087950094769254e-06
1.898515378371992517e-07
6.210010514407935796e-07
1.222595941678976048e-06
1.223309955858137982e-05
3.090126261667881812e-07
6.282200499853724484e-07
6.189464505171608961e-07
6.133636456450358232e-06
1.826716335178327840e-06
6.163092093224649577e-06
1.219806966203332440e-05
1.221041424481714990e-04
1.060099547878234644e-06
1.582174709384735409e-06
1.251760167177596184e-06
1.223136599383494165e-05
1.848709286987921412e-06
6.178570258731614457e-06
1.219738975862070130e-05
1.220827914536027432e-04
6.059608710850785318e-06
1.246787162286082970e-05
1.231677241355947305e-05
1.220971306467210824e-04
3.644612379048641632e-05
1.229885756634235415e-04
2.434255694481908799e-04
2.436727115693300069e-03
2.748411043124462336e-07
5.999828780821987381e-08
3.454850045210003715e-08
2.158307961690533999e-07
3.396642010043075376e-08
7.181890683065521373e-08
1.396407495583308882e-07
1.385204800982790661e-06
3.725898743013437726e-08
5.165121145805595085e-08
4.996405877066213588e-08
4.890323028394168156e-07
1.461131918973918725e-07
4.888733967944010133e-07
9.674380242168930744e-07
9.682668540425514914e-06
4.593031458956236971e-08
5.134539482802379486e-08
4.005242542528799016e-08
3.853993169688229480e-07
5.848613784505888973e-08
1.934236721810541661e-07
3.817522115995085992e-07
3.820317982230419946e-06
1.898515378363318899e-07
3.882018140362165459e-07
3.834096501516092272e-07
3.800162576512545814e-06
1.134443805509235438e-06
3.827711112791233247e-06
7.575996256821626983e-06
7.583667306800779217e-05
7.058401303476153016e-08
7.054028905865484568e-08
4.956426801315939705e-08
4.710240845468562597e-07
5.848613784525878950e-08
1.904996674036678198e-07
3.750062958358100530e-07
3.752006400242993592e-06
9.478596865863529904e-08
1.922041098263043736e-07
1.893456925883729887e-07
1.876252682263832364e-06
5.587899289611269549e-07
1.885197189438442928e-06
3.731202691449774151e-06
3.734975644862275962e-05
3.237680933862745105e-07
4.827617463260100612e-07
3.819250352439691742e-07
3.731758249280470456e-06
5.640372232226629904e-07
1.885014154472759631e-06
3.721287038974153158e-06
3.724607653176601380e-05
1.848709286991905855e-06
3.803734517043471698e-06
3.757634047814791248e-06
3.724970740766459350e-05
1.111907723950377549e-05
3.752166273297178836e-05
7.426488195718498344e-05
7.434028045494000788e-04
2.319161467163833798e-07
2.085909317808765301e-07
1.375463404862002159e-07
1.290843188564335655e-06
1.461131918976087130e-07
4.685072708028772796e-07
9.203449724430757129e-07
9.206091034613698369e-06
1.905870918549588434e-07
3.809395205840252212e-07
3.740648871312110633e-07
3.705158059881476820e-06
1.101083347221446787e-06
3.713811914814558275e-06
7.350221126152174688e-06
7.357623441802786451e-05
3.245324804924981004e-07
4.804415478517608002e-07
3.793263564926837141e-07
3.705010729870862054e-06
5.587899289632004916e-07
1.866973483448120799e-06
3.685548805030353873e-06
3.688823422223309683e-05
1.826716335180523349e-06
3.758052806702926146e-06
3.712409199049164586e-06
3.680127466643319523e-05
1.098504013065893187e-05
3.706927774478804545e-05
7.336948038550787058e-05
7.344396760733526083e-04
1.143520315428843718e-06
1.352741560616986180e-06
9.570903753624988007e-07
9.205100749558087388e-06
1.134443805511295422e-06
3.732713662132303655e-06
7.349518946570367858e-06
7.354485527790551784e-05
1.851386733364209574e-06
3.777314101771763099e-06
3.721925580426905383e-06
3.688693798485395800e-05
1.098504013066103929e-05
3.706432916847967403e-05
7.335824575292895040e-05
7.343257051299372689e-04
6.359151827135009309e-06
9.514890041280874358e-06
7.528393470633577280e-06
7.357070777585527385e-05
1.111907723950433962e-05
3.716389004531769013e-05
7.336697722644543694e-05
7.343256221607264485e-04
3.644612379052067710e-05
7.499399137340909713e-05
7.408525833970273163e-05
7.344141586954641785e-04
2.192230731460432028e-04
7.397762485611380752e-04
1.464204750553591916e-03
1.465691364884280992e-02
2.858816563561185266e-07
6.348279241156118587e-08
3.601456556530423583e-08
2.254451114107950417e-07
3.454850044678998760e-08
7.212079478111468097e-08
1.400378076843331260e-07
1.388699328872447362e-06
3.637835329777519355e-08
4.887545840394512853e-08
4.712333681620845785e-08
4.606250349667570851e-07
1.375463404938031837e-07
4.598020981488575850e-07
9.098819197364321678e-07
9.106466213149327796e-06
4.138419524867583809e-08
4.387545682908646372e-08
3.407285002524730122e-08
3.267221588121520210e-07
4.956426800544800910e-08
1.635187073699285033e-07
3.227046716773883427e-07
3.229289963492953540e-06
1.604205428305585375e-07
3.275460809125400527e-07
3.234790661298412922e-07
3.206040265331727896e-06
9.570903753546180061e-07
3.229205830134341659e-06
6.391400730450952101e-06
6.397868300687122413e-05
5.259560580600031524e-08
4.872720163641560895e-08
3.407285002245548063e-08
3.217798513675287628e-07
4.005242543161702034e-08
1.297555244921964803e-07
2.553926244041969775e-07
2.555034467201226951e-06
6.457205333343233374e-08
1.305042132753125948e-07
1.285441794231107220e-07
1.273651866275923384e-06
3.793263564926837141e-07
1.279664535573161359e-06
2.532722816302033402e-06
2.535281170565747901e-05
2.196753687383300310e-07
3.269418163449391970e-07
2.586292476080564204e-07
2.526832824292206199e-06
3.819250352437658863e-07
1.276321709694263609e-06
2.519637572177040800e-06
2.521883730161686991e-05
1.251760167176498430e-06
2.575399858604728221e-06
2.544182396760243640e-06
2.522064355616520574e-05
7.528393470632188146e-06
2.540476689904116808e-05
5.028247288292958203e-05
5.033352181897079915e-04
8.343341210929476788e-08
7.165169094897375860e-08
4.712333681561892292e-08
4.402583926827565087e-07
4.996405877118390818e-08
1.595217734592536550e-07
3.133341901523733586e-07
3.134027052051592207e-06
6.497349171446370475e-08
1.294420185976390657e-07
1.270878419932760031e-07
1.258710784713063316e-06
3.740648871308180400e-07
1.261599005638127952e-06
2.496901011375722785e-06
2.499412916247395456e-05
1.101952706964468096e-07
1.628249156341966624e-07
1.285441794269359228e-07
1.255426480583623702e-06
1.893456925842530204e-07
6.325857691373277907e-07
1.248770835913463190e-06
1.249879255977459923e-05
6.189464505093275355e-07
1.273297224476408005e-06
1.257830487079935559e-06
1.246891752371972421e-05
3.721925580424303298e-06
1.255971674290372927e-05
2.485885713585819193e-05
2.488409433166947861e-04
3.867250482493506765e-07
4.572182691468709947e-07
3.234790661269817090e-07
3.111038984897698551e-06
3.834096501482075429e-07
1.261510256753611619e-06
2.483845597500694688e-06
2.485522879508686155e-05
6.256917044426164051e-07
1.276550439366076718e-06
1.257830487090506530e-06
1.246599131043409992e-05
3.712409199042008851e-06
1.252593613135824209e-05
2.479151016072858994e-05
2.481662815621025401e-04
2.149059008835831628e-06
3.215510553821458077e-06
2.544182396760497750e-06
2.486283983272586474e-05
3.757634047812988339e-06
1.255933976589365566e-05
2.479398107821018560e-05
2.481614510009892650e-04
1.231677241356131619e-05
2.534381630269944463e-05
2.503671467846722636e-05
2.481913153803198780e-04
7.408525833969885560e-05
2.500034039584151649e-04
4.948201194750773829e-04
4.953225128142387662e-03
2.813082598829036874e-07
2.220514087224147919e-07
1.400378076823985028e-07
1.292822009083698966e-06
1.396407495545903907e-07
4.389876898685657126e-07
8.608220891354425360e-07
8.608057115955990374e-06
1.632345636186827067e-07
3.200895549723316985e-07
3.133341901544943291e-07
3.101944180282768890e-06
9.203449724515189374e-07
3.103134124731842924e-06
6.141429817743985706e-06
6.147578458158426133e-05
2.224939002591229311e-07
3.244410349952292006e-07
2.553926244035871138e-07
2.492633469744673076e-06
3.750062958345632205e-07
1.252258813874792176e-06
2.471933151678524718e-06
2.474110126120779198e-05
1.222595941663878532e-06
2.514490250367381290e-06
2.483845597501019948e-06
2.462228163739504168e-05
7.349518946564960399e-06
2.480098288590893313e-05
4.908740159047949810e-05
4.913723156995675190e-04
3.888340835154412102e-07
4.568352043581024746e-07
3.227046716808035795e-07
3.102163157871177406e-06
3.817522116063390729e-07
1.255511897362999725e-06
2.471933151687672674e-06
2.473586550457058342e-05
6.213814074335899103e-07
1.267415227711372362e-06
1.248770835915197913e-06
1.237611320475389830e-05
3.685548805023957080e-06
1.243524974284742702e-05
2.461201272263345379e-05
2.463694692975325557e-04
2.128607573896688226e-06
3.184566564899855845e-06
2.519637572177447376e-06
2.462284656059647751e-05
3.721287038974966310e-06
1.243780791477150415e-05
2.455404971610209396e-05
2.457599791363968694e-04
1.219738975861449424e-05
2.509811453041843626e-05
2.479398107820308408e-05
2.457850606004136225e-04
7.336697722644798482e-05
2.475795282853047660e-04
4.900226532679500483e-04
4.905201753854049156e-03
1.394186663562537170e-06
1.375770203800713836e-06
9.098819197338165301e-07
8.609222004705497418e-06
9.674380242169337320e-07
3.125923158205106854e-06
6.141429817743280974e-06
6.143939980374107696e-05
1.264667062637962443e-06
2.542378861972600370e-06
2.496901011377538823e-06
2.473585343839310256e-05
7.350221126149355762e-06
2.479387227986276556e-05
4.907105754987510808e-05
4.912056980006934692e-04
2.159456521151228807e-06
3.207545293625545767e-06
2.532722816293305574e-06
2.474167547766584549e-05
3.731202691445911681e-06
1.246758615560316849e-05
2.461201272263844112e-05
2.463391854214609959e-04
1.219806966203356834e-05
2.509627699179063054e-05
2.479151016072490366e-05
2.457597051438062093e-04
7.335824575291615681e-05
2.475494569420001452e-04
4.899630198005942676e-04
4.904604604268365288e-03
7.618349179778225247e-06
9.032922862546040294e-06
6.391400730449813689e-06
6.148021530097489817e-05
7.575996256817476521e-06
2.493072503464872642e-05
4.908740159048546122e-05
4.912066702908439875e-04
1.236452332656749775e-05
2.522874705379130481e-05
2.485885713585533235e-05
2.463694823852525368e-04
7.336948038550356087e-05
2.475543160450666179e-04
4.899630198005941592e-04
4.904594501585757271e-03
4.247048291875746458e-05
6.355026432871351233e-05
5.028247288293030031e-05
4.913832959302887049e-04
7.426488195718496989e-05
2.482199508112823989e-04
4.900226532679504820e-04
4.904607129032855645e-03
2.434255694481867599e-04
5.008895838920263306e-04
4.948201194750778166e-04
4.905198747095404141e-03
1.464204750553592133e-03
4.941012491688888224e-03
9.779516413175154063e-03
9.789445614428583797e-02
5.594378792543055166e-07
1.142806823712925785e-07
6.348279239543367855e-08
3.696717804513789333e-07
5.999828781011722761e-08
1.147211737045213257e-07
2.220514086996973682e-07
2.196883768827329769e-06
6.133922182688248195e-08
7.475164287824127233e-08
7.165169095183334183e-08
6.973976619445812552e-07
2.085909317878315177e-07
6.952707163864528609e-07
1.375770203809658504e-06
1.376851329239793260e-05
6.621161861749538455e-08
6.315751839323582731e-08
4.872720163230919322e-08
4.637487043217987923e-07
7.054028905571394729e-08
2.315121231832753361e-07
4.568352043569335691e-07
4.571160278359395730e-06
2.274847730460189549e-07
4.630199029403311265e-07
4.572182691481110510e-07
4.531177743804044508e-06
1.352741560610128601e-06
4.563818911812388373e-06
9.032922862551315615e-06
9.042050880218918793e-05
7.627348809082054766e-08
6.315751839634613229e-08
4.387545682924231779e-08
4.100939001622661023e-07
5.134539482925707483e-08
1.648697884213954951e-07
3.244410349932606960e-07
3.245363677760025447e-06
8.225826477118564593e-08
1.653421656740420209e-07
1.628249156373408487e-07
1.613084053889612791e-06
4.804415478589605802e-07
1.620623022734332745e-06
3.207545293624190514e-06
3.210779577875644449e-05
2.786048543261988454e-07
4.133498243967343794e-07
3.269418163508159116e-07
3.193802823589838587e-06
4.827617463266504181e-07
1.613144702263541187e-06
3.184566564903162662e-06
3.187400837406253155e-05
1.582174709383488576e-06
3.254973210655143754e-06
3.215510553822352544e-06
3.187550527253965111e-05
9.514890041277384582e-06
3.210819976361348606e-05
6.355026432871703598e-05
6.361478096680045101e-04
9.763718775618107290e-08
7.475164287464985263e-08
4.887545840129391540e-08
4.510786377031094686e-07
5.165121145778828844e-08
1.630019935980212424e-07
3.200895549690553751e-07
3.200997045696586883e-06
6.678855922350281690e-08
1.318828441316615113e-07
1.294420186000920731e-07
1.281723622941667996e-06
3.809395205868373706e-07
1.284580837077214251e-06
2.542378861973264444e-06
2.544929011555521257e-05
1.124800334426645791e-07
1.653421656734219928e-07
1.305042132720464357e-07
1.274268585219525837e-06
1.922041098268193696e-07
6.420326709883630249e-07
1.267415227711263942e-06
1.268537112045347685e-05
6.282200499901768192e-07
1.292251713188533402e-06
1.276550439365643037e-06
1.265445822020722003e-05
3.777314101772870171e-06
1.274660069837109684e-05
2.522874705379052216e-05
2.525435871221783329e-04
3.927541561665580253e-07
4.630199029360891855e-07
3.275460809113169371e-07
3.149571038208963516e-06
3.882018140364808202e-07
1.277078479386650621e-06
2.514490250368346907e-06
2.516182164862385584e-05
6.334472279528612939e-07
1.292251713189334695e-06
1.273297224474375126e-06
1.261924696102068011e-05
3.758052806705026788e-06
1.267992023188699400e-05
2.509627699179194853e-05
2.512170300236847955e-04
2.175576773379503262e-06
3.254973210655272503e-06
2.575399858604568132e-06
2.516783630505573617e-05
3.803734517040947540e-06
1.271339845654968163e-05
2.509811453041944253e-05
2.512054966016305903e-04
1.246787162285979293e-05
2.565468619804717074e-05
2.534381630269983088e-05
2.512356322362716801e-04
7.499399137340927331e-05
2.530699462344247167e-04
5.008895838920261138e-04
5.013981391111004514e-03
1.557940373718658079e-07
1.147211737044806681e-07
7.212079477956969287e-08
6.603483386771918961e-07
7.181890683127862998e-08
2.239064748680716233e-07
4.389876898734948620e-07
4.389196636405073517e-06
8.371357314509054060e-08
1.630019935985057452e-07
1.595217734593552990e-07
1.578930179671635855e-06
4.685072708021013974e-07
1.579465880422284654e-06
3.125923158204713830e-06
3.129045251499908468e-05
1.136439376892939106e-07
1.648697884208872753e-07
1.297555244872294791e-07
1.266114665985622554e-06
1.904996674033425591e-07
6.360330966173236662e-07
1.255511897373435171e-06
1.256614516443290815e-05
6.210010514365270747e-07
1.277078479386360089e-06
1.261510256752771363e-06
1.250527991446329836e-05
3.732713662132113920e-06
1.259603242504783149e-05
2.493072503464646315e-05
2.495603185179722677e-04
1.976207454705807953e-07
2.315121231850913747e-07
1.635187073747193217e-07
1.571610975621496468e-06
1.934236721818673177e-07
6.360330966168899853e-07
1.252258813871783515e-06
1.253093326587671259e-05
3.148025732360027048e-07
6.420326709898131453e-07
6.325857691362435885e-07
6.269311711166593673e-06
1.866973483452593133e-06
6.299263441775713437e-06
1.246758615559888589e-05
1.248021656784612681e-04
1.078306483419086729e-06
1.613144702263544575e-06
1.276321709697272270e-06
1.247266576297279884e-05
1.885014154470902935e-06
6.300348536907713053e-06
1.243780791478511089e-05
1.244892542091412117e-04
6.178570258735490480e-06
1.271339845655018985e-05
1.255933976589444171e-05
1.245019095564909759e-04
3.716389004531782565e-05
1.254108926262834968e-04
2.482199508112830494e-04
2.484719694431963572e-03
7.054193151595944834e-07
6.952707163861106596e-07
4.598020981442988537e-07
4.350168229332351301e-06
4.888733967900777571e-07
1.579465880421252968e-06
3.103134124732439235e-06
3.104397799946709708e-05
6.390406821463411635e-07
1.284580837077998180e-06
1.261599005634333245e-06
1.249816036345644439e-05
3.713811914814483736e-06
1.252746826157346150e-05
2.479387227986254194e-05
2.481888848908247211e-04
1.091117586641131596e-06
1.620623022734913809e-06
1.279664535564541952e-06
1.250077014934258316e-05
1.885197189438551349e-06
6.299263441776221657e-06
1.243524974284552966e-05
1.244631744666332019e-04
6.163092093220638029e-06
1.267992023188702110e-05
1.252593613134761691e-05
1.241703426412773831e-04
3.706432916847982988e-05
1.250746159161020851e-04
2.475543160450684611e-04
2.478056483481373608e-03
3.849203880452014073e-06
4.563818911813472576e-06
3.229205830135168363e-06
3.106235792221886287e-05
3.827711112788963199e-06
1.259603242504837529e-05
2.480098288590874679e-05
2.481778948287059034e-04
6.247070440157013018e-06
1.274660069837138483e-05
1.255971674291381235e-05
1.244759900256983069e-04
3.706927774478792348e-05
1.250746159161008383e-04
2.475494569420004704e-04
2.478002739042198949e-03
2.145784041266528958e-05
3.210819976361382487e-05
2.540476689904108337e-05
2.482669824503927654e-04
3.752166273297163928e-05
1.254108926262831444e-04
2.475795282853085065e-04
2.478008539101387957e-03
1.229885756634282578e-04
2.530699462344254756e-04
2.500034039584148396e-04
2.478307439889205696e-03
7.397762485611365573e-04
2.496402011271363613e-03
4.941012491688885622e-03
4.946029131067298384e-02
5.506033247271863162e-07
3.696717804604934314e-07
2.254451114141153050e-07
2.033700825720948316e-06
2.158307961760600564e-07
6.603483386776738578e-07
1.292822009076163760e-06
1.292229661579868942e-05
2.362894633462867271e-07
4.510786377032788752e-07
4.402583926853501236e-07
4.355154230539479119e-06
1.290843188566693795e-06
4.350168229330521710e-06
8.609222004695251708e-06
8.617764746898502770e-05
2.878933782589834377e-07
4.100939001628217559e-07
3.217798513666241316e-07
3.136945206265174956e-06
4.710240845451711935e-07
1.571610975620906509e-06
3.102163157870310045e-06
3.104857801666516248e-05
1.532087950089890344e-06
3.149571038209088877e-06
3.111038984894039369e-06
3.083925835459986703e-05
9.205100749553452423e-06
3.106235792221875445e-05
6.148021530096514035e-05
6.154261429493481858e-04
4.016274395177122595e-07
4.637487043224730306e-07
3.267221588120046373e-07
3.136945206265273212e-06
3.853993169703514190e-07
1.266114665985341339e-06
2.492633469744469788e-06
2.494259436411006616e-05
6.251613969807122190e-07
1.274268585219015923e-06
1.255426480584084488e-06
1.244185241022098941e-05
3.705010729871200867e-06
1.250077014934214948e-05
2.474167547766680433e-05
2.476673597031753661e-04
2.135518124434312992e-06
3.193802823589096587e-06
2.526832824293406868e-06
2.469276183162260422e-05
3.731758249282354258e-06
1.247266576297420153e-05
2.462284656059996051e-05
2.464485214625077459e-04
1.223136599382726415e-05
2.516783630505473667e-05
2.486283983272691506e-05
2.464676152307267664e-04
7.357070777585662910e-05
2.482669824503923317e-04
4.913832959302906565e-04
4.918821978158370578e-03
7.124794998322342432e-07
6.973976619446799346e-07
4.606250349657863854e-07
4.355154230539891624e-06
4.890323028414352951e-07
1.578930179671556657e-06
3.101944180280234568e-06
3.103175694147713737e-05
6.379557933927578638e-07
1.281723622942897888e-06
1.258710784712846475e-06
1.246936888737437575e-05
3.705158059880463769e-06
1.249816036345587010e-05
2.473585343839311611e-05
2.476080705712672188e-04
1.086371676350483226e-06
1.613084053889642226e-06
1.273651866277739422e-06
1.244185241022187710e-05
1.876252682265255379e-06
6.269311711169331283e-06
1.237611320475172989e-05
1.238712641339762271e-04
6.133636456452336901e-06
1.261924696102043617e-05
1.246599131042870601e-05
1.235760876821589212e-04
3.688693798485356498e-05
1.244759900256980900e-04
2.463694823852519405e-04
2.466196112291809024e-03
3.822144805517408393e-06
4.531177743804268125e-06
3.206040265327662138e-06
3.083925835460086992e-05
3.800162576512200224e-06
1.250527991446316452e-05
2.462228163739546858e-05
2.463896427048496425e-04
6.201940952238723715e-06
1.265445822020650344e-05
1.246891752371885684e-05
1.235760876821578370e-04
3.680127466643540429e-05
1.241703426412787384e-04
2.457597051438083777e-04
2.460087083811217205e-03
2.130238550751423752e-05
3.187550527254082340e-05
2.522064355616519219e-05
2.464676152307280674e-04
3.724970740766549474e-05
1.245019095564913012e-04
2.457850606004085268e-04
2.460047817410000292e-03
1.220971306467121919e-04
2.512356322362713007e-04
2.481913153803199323e-04
2.460344030439433685e-03
7.344141586954608175e-04
2.478307439889206130e-03
4.905198747095402406e-03
4.910179024452229063e-02
2.586635593301086101e-06
2.196883768836389633e-06
1.388699328879874147e-06
1.292229661579646681e-05
1.385204800988675846e-06
4.389196636404983732e-06
8.608057115953171448e-06
8.608997471039125200e-05
1.621613051686957991e-06
3.200997045696845652e-06
3.134027052052263057e-06
3.103175694147690020e-05
9.206091034610195041e-06
3.104397799946673794e-05
6.143939980373931513e-05
6.150104937850718947e-04
2.215006862264868134e-06
3.245363677760653099e-06
2.555034467202578816e-06
2.494259436410991031e-05
3.752006400243074907e-06
1.253093326587605190e-05
2.473586550457146095e-05
2.475770571365028499e-04
1.223309955858100035e-05
2.516182164862412350e-05
2.485522879508665487e-05
2.463896427048495341e-04
7.354485527790596507e-05
2.481778948287059576e-04
4.912066702908382413e-04
4.917053270886430696e-03
3.880293054852100256e-06
4.571160278354576112e-06
3.229289963490429382e-06
3.104857801666495242e-05
3.820317982229999817e-06
1.256614516443236775e-05
2.474110126120603693e-05
2.475770571365031210e-04
6.218766933746924536e-06
1.268537112045328881e-05
1.249879255977620520e-05
1.238712641339755494e-04
3.688823422223419459e-05
1.244631744666316840e-04
2.463391854214595864e-04
2.465887564402333837e-03
2.130394460592557936e-05
3.187400837406226050e-05
2.521883730161667339e-05
2.464485214625074748e-04
3.724607653176543104e-05
1.244892542091413201e-04
2.457599791363966526e-04
2.459796630010993666e-03
1.220827914536062669e-04
2.512054966016293977e-04
2.481614510009881808e-04
2.460047817409999425e-03
7.343256221607262317e-04
2.478008539101387523e-03
4.904607129032850441e-03
4.909586800803920209e-02
1.392751438248555733e-05
1.376851329239418533e-05
9.106466213145810915e-06
8.617764746898700636e-05
9.682668540424457817e-06
3.129045251499889494e-05
6.147578458158508804e-05
6.150104937850736295e-04
1.265800753500234596e-05
2.544929011555504316e-05
2.499412916247349038e-05
2.476080705712671104e-04
7.357623441802682096e-05
2.481888848908246127e-04
4.912056980006939029e-04
4.917013373154209381e-03
2.161500837265474464e-05
3.210779577875653935e-05
2.535281170565808887e-05
2.476673597031754204e-04
3.734975644862239370e-05
1.248021656784613494e-04
2.463694692975335315e-04
2.465887564402333837e-03
1.221041424481664845e-04
2.512170300236845786e-04
2.481662815621030822e-04
2.460087083811216772e-03
7.343257051299336910e-04
2.478002739042199382e-03
4.904594501585752934e-03
4.909573950393748831e-02
7.625686653629640873e-05
9.042050880219028568e-05
6.397868300687020770e-05
6.154261429493480774e-04
7.583667306800695191e-05
2.495603185179723219e-04
4.913723156995684948e-04
4.917053270886434166e-03
1.237705649250425797e-04
2.525435871221783329e-04
2.488409433166948403e-04
2.466196112291809892e-03
7.344396760733496810e-04
2.478056483481373175e-03
4.904604604268364421e-03
4.909573950393750219e-02
4.251354402163053450e-04
6.361478096680126416e-04
5.033352181897081000e-04
4.918821978158372313e-03
7.434028045494007293e-04
2.484719694431964873e-03
4.905201753854050023e-03
4.909586800803922985e-02
2.436727115693290962e-03
5.013981391111000177e-03
4.953225128142391132e-03
4.910179024452231145e-02
1.465691364884275441e-02
4.946029131067299772e-02
9.789445614428581022e-02
9.799384897099284730e-01
